-- // converted using mech's animoduler
local cfr = CFrame.new

return {{tm=0;["Right Arm"]={tm=.167;cf=cfr(-.289,-.407,.243,.243,-.615,.75,.595,.706,.385,-.766,.352,.537);es="Linear";ed="In";};["Left Arm"]={tm=.167;cf=cfr(.141,.245,.113,.55,.835,-.024,-.499,.306,-.811,-.67,.458,.585);es="Linear";ed="In";};["Handle"]={tm=.167;cf=cfr(-1.041,-.573,-1.51,-.505,.391,-.769,-.298,.758,.581,.81,.522,-.266);es="Linear";ed="In";};};{tm=.167;["Torso"]={tm=.066;cf=cfr(0,0,0,.926,.377,-.026,-.377,.919,-.117,-.02,.118,.993);es="Linear";ed="In";};["Right Arm"]={tm=.066;cf=cfr(.084,.027,.372,.135,-.472,.871,.762,.612,.213,-.634,.635,.442);es="Linear";ed="In";};["Left Arm"]={tm=.066;cf=cfr(-.331,-.172,.377,.416,.894,.168,-.027,.196,-.98,-.909,.404,.105);es="Linear";ed="In";};["Handle"]={tm=.066;cf=cfr(-.781,-1.19,-1.848,-.411,-.304,-.859,-.338,.926,-.166,.846,.223,-.484);es="Linear";ed="In";};["Head"]={tm=.1999;cf=cfr(0,0,0,.945,-.326,-.024,.327,.944,.049,.007,-.054,.999);es="Linear";ed="In";};};{tm=.233;["Torso"]={tm=.1339;cf=cfr(0,0,0,.874,.485,-.039,-.486,.867,-.108,-.019,.113,.993);es="Linear";ed="In";};["Right Arm"]={tm=.0669;cf=cfr(.169,-.114,.227,.036,-.483,.875,.928,.342,.151,-.372,.806,.46);es="Linear";ed="In";};["Left Arm"]={tm=.0669;cf=cfr(-.555,-.275,.405,.317,.948,-.02,-.243,.061,-.968,-.917,.312,.249);es="Linear";ed="In";};["Handle"]={tm=.0669;cf=cfr(-.941,-1.019,-2.059,-.543,-.332,-.772,-.274,.938,-.211,.794,.097,-.6);es="Linear";ed="In";};};{tm=.3;["Right Arm"]={tm=.067;cf=cfr(.244,-.123,.015,.021,-.435,.9,.978,.197,.072,-.208,.879,.43);es="Linear";ed="In";};["Left Arm"]={tm=.067;cf=cfr(-.577,-.162,.366,.13,.977,-.171,-.473,-.091,-.877,-.872,.195,.45);es="Linear";ed="In";};["Handle"]={tm=.067;cf=cfr(-1.23,-.726,-2.13,-.644,-.195,-.739,-.141,.981,-.136,.751,.017,-.66);es="Linear";ed="In";};};{tm=.367;["Torso"]={tm=.066;cf=cfr(0,0,0,.733,.681,-.004,-.681,.733,-.008,-.003,.009,1);es="Linear";ed="In";};["Right Arm"]={tm=.0330;cf=cfr(.239,-.186,.011,-.04,-.37,.928,.998,-.06,.019,.048,.927,.371);es="Linear";ed="In";};["Left Arm"]={tm=.0330;cf=cfr(-.439,-.006,.112,-.063,.957,-.283,-.548,-.27,-.792,-.834,.105,.541);es="Linear";ed="In";};["Handle"]={tm=.0330;cf=cfr(-1.297,-.279,-2.013,-.696,-.029,-.718,-.014,1,-.027,.718,-.009,-.696);es="Linear";ed="In";};["Head"]={tm=.066;cf=cfr(0,0,0,.748,-.661,-.054,.658,.75,-.06,.08,.01,.997);es="Linear";ed="In";};};{tm=.4;["Right Arm"]={tm=.0329;cf=cfr(.239,-.198,.032,-.045,-.358,.933,.996,-.086,.015,.075,.93,.36);es="Linear";ed="In";};["Left Arm"]={tm=.0329;cf=cfr(-.44,0,.049,-.108,.956,-.275,-.636,-.278,-.72,-.764,.097,.638);es="Linear";ed="In";};["Handle"]={tm=.0329;cf=cfr(-1.268,-.219,-2.015,-.709,-.003,-.705,0,1,-.004,.705,-.003,-.709);es="Linear";ed="In";};};{tm=.433;["Torso"]={tm=0;cf=cfr(0,0,0,.707,.707,0,-.707,.707,0,0,0,1);es="Linear";ed="In";};["Right Arm"]={tm=0;cf=cfr(.233,-.194,.041,-.053,-.355,.933,.995,-.097,.02,.083,.93,.358);es="Linear";ed="In";};["Left Arm"]={tm=0;cf=cfr(-.428,.021,.039,-.121,.954,-.276,-.658,-.285,-.697,-.743,.097,.662);es="Linear";ed="In";};["Handle"]={tm=0;cf=cfr(-1.264,-.183,-2.004,-.707,.005,-.707,0,1,.007,.707,.005,-.707);es="Linear";ed="In";};["Head"]={tm=0;cf=cfr(0,0,0,.726,-.685,-.054,.682,.728,-.06,.081,.007,.997);es="Linear";ed="In";};};}