-- // converted using mech's animoduler
local cfr = CFrame.new

return {{tm=0;["Torso"]={tm=1;cf=cfr(0,0,0,.707,.707,0,-.707,.707,0,0,0,1);es="Linear";ed="In";};["Right Arm"]={tm=1;cf=cfr(.233,-.194,.041,-.053,-.355,.933,.995,-.097,.02,.083,.93,.358);es="Linear";ed="In";};["Left Arm"]={tm=1;cf=cfr(-.428,.021,.039,-.121,.954,-.276,-.658,-.285,-.697,-.743,.097,.662);es="Linear";ed="In";};["Handle"]={tm=1;cf=cfr(-1.264,-.183,-2.004,-.707,.005,-.707,0,1,.007,.707,.005,-.707);es="Linear";ed="In";};["Head"]={tm=1;cf=cfr(0,0,0,.726,-.685,-.054,.682,.728,-.06,.081,.007,.997);es="Linear";ed="In";};};{tm=1;["Torso"]={tm=0;cf=cfr(0,0,0,.707,.707,0,-.707,.707,0,0,0,1);es="Linear";ed="In";};["Right Arm"]={tm=0;cf=cfr(.233,-.194,.041,-.053,-.355,.933,.995,-.097,.02,.083,.93,.358);es="Linear";ed="In";};["Left Arm"]={tm=0;cf=cfr(-.428,.021,.039,-.121,.954,-.276,-.658,-.285,-.697,-.743,.097,.662);es="Linear";ed="In";};["Handle"]={tm=0;cf=cfr(-1.264,-.183,-2.004,-.707,.005,-.707,0,1,.007,.707,.005,-.707);es="Linear";ed="In";};["Head"]={tm=0;cf=cfr(0,0,0,.726,-.685,-.054,.682,.728,-.06,.081,.007,.997);es="Linear";ed="In";};};}