-- // converted using mech's animoduler
local cfr = CFrame.new

return {{tm=0;["Torso"]={tm=.25;cf=cfr(0,0,-.038,.497,.863,-.092,-.868,.495,-.047,.005,.103,.995);es="Linear";ed="In";};["Right Arm"]={tm=.25;cf=cfr(-.092,.185,.351,.518,-.146,.843,.057,.989,.137,-.854,-.022,.52);es="Linear";ed="In";};["Left Arm"]={tm=.25;cf=cfr(-.55,-.234,-.057,.736,.477,.48,.148,.579,-.802,-.66,.661,.356);es="Linear";ed="In";};["Handle"]={tm=.25;cf=cfr(-.22,-1.791,-1.471,-.565,-.109,-.818,-.168,.986,-.016,.808,.128,-.575);es="Linear";ed="In";};["Head"]={tm=.25;cf=cfr(0,0,0,.482,-.876,.033,.875,.483,.038,-.049,.01,.999);es="Linear";ed="In";};};{tm=.25;["Torso"]={tm=0;cf=cfr(0,0,-.038,.497,.863,-.092,-.868,.495,-.047,.005,.103,.995);es="Linear";ed="In";};["Right Arm"]={tm=0;cf=cfr(-.092,.185,.351,.518,-.146,.843,.057,.989,.137,-.854,-.022,.52);es="Linear";ed="In";};["Left Arm"]={tm=0;cf=cfr(-.55,-.234,-.057,.736,.477,.48,.148,.579,-.802,-.66,.661,.356);es="Linear";ed="In";};["Handle"]={tm=0;cf=cfr(-.22,-1.791,-1.471,-.565,-.109,-.818,-.168,.986,-.016,.808,.128,-.575);es="Linear";ed="In";};["Head"]={tm=0;cf=cfr(0,0,0,.482,-.876,.033,.875,.483,.038,-.049,.01,.999);es="Linear";ed="In";};};}