-- // converted using mech's animoduler
local cfr = CFrame.new

return {{tm=0;["Torso"]={tm=.067;cf=cfr(0,-.219,-.057,.899,.391,-.196,-.438,.814,-.382,.011,.429,.903);es="Linear";ed="In";};["Left Leg"]={tm=.067;cf=cfr(-.211,-.396,-.077,.281,-.901,.332,.959,.247,-.14,.044,.357,.933);es="Linear";ed="In";};["Right Leg"]={tm=.067;cf=cfr(1.23,.494,-.294,.92,-.219,.326,.18,.973,.144,-.349,-.074,.934);es="Linear";ed="In";};["Head"]={tm=.167;cf=cfr(0,0,0,.908,-.418,.025,.388,.861,.33,-.159,-.29,.944);es="Linear";ed="In";};["Handle"]={tm=0;cf=cfr(.101,-.333,-2.296,-.931,-.04,-.363,-.206,.877,.433,.301,.478,-.825);es="Linear";ed="In";};["Right Arm"]={tm=0;cf=cfr(-.689,-.322,.076,.389,-.837,.384,.862,.478,.169,-.326,.265,.908);es="Linear";ed="In";};["Left Arm"]={tm=0;cf=cfr(-.891,.301,-.063,.694,.664,-.278,-.419,.058,-.906,-.585,.746,.319);es="Linear";ed="In";};};{tm=.067;["Torso"]={tm=.033;cf=cfr(-.008,-.238,-.191,.926,.342,-.163,-.379,.836,-.398,.001,.43,.903);es="Linear";ed="In";};["Left Leg"]={tm=.033;cf=cfr(-.7,.021,.23,.558,-.744,.368,.82,.562,-.108,-.126,.363,.923);es="Linear";ed="In";};["Right Leg"]={tm=.033;cf=cfr(.712,.224,-.09,.906,.04,.422,-.128,.975,.181,-.404,-.218,.888);es="Linear";ed="In";};};{tm=.1;["Torso"]={tm=.033;cf=cfr(-.012,-.248,-.179,.937,.316,-.146,-.348,.845,-.405,-.004,.431,.903);es="Linear";ed="In";};["Left Leg"]={tm=.033;cf=cfr(-.687,.425,.284,.893,-.291,.343,.361,.918,-.163,-.267,.27,.925);es="Linear";ed="In";};["Right Leg"]={tm=.067;cf=cfr(.339,.034,.103,.93,.19,.316,-.248,.956,.155,-.273,-.223,.936);es="Linear";ed="In";};};{tm=.133;["Torso"]={tm=.034;cf=cfr(-.017,-.279,-.115,.951,.283,-.122,-.308,.857,-.413,-.012,.43,.903);es="Linear";ed="In";};["Left Leg"]={tm=.034;cf=cfr(-.668,.682,.238,.904,.247,.35,-.217,.968,-.124,-.37,.036,.929);es="Linear";ed="In";};};{tm=.167;["Torso"]={tm=.033;cf=cfr(-.022,-.311,-.051,.964,.249,-.098,-.267,.868,-.42,-.02,.43,.902);es="Linear";ed="In";};["Left Leg"]={tm=.033;cf=cfr(-.601,.48,.167,.499,.805,.322,-.803,.569,-.178,-.327,-.169,.93);es="Linear";ed="In";};["Right Leg"]={tm=.066;cf=cfr(.37,-.005,.103,.573,.76,.307,-.815,.568,.115,-.087,-.316,.945);es="Linear";ed="In";};["Head"]={tm=.066;cf=cfr(0,0,0,.966,-.254,.037,.219,.891,.398,-.134,-.377,.916);es="Linear";ed="In";};};{tm=.2;["Step"]="";["Torso"]={tm=.033;cf=cfr(-.021,-.332,-.062,.965,.241,-.102,-.262,.87,-.418,-.013,.43,.903);es="Linear";ed="In";};["Left Leg"]={tm=.033;cf=cfr(-.746,.373,.169,.607,.739,.293,-.733,.663,-.154,-.308,-.121,.944);es="Linear";ed="In";};};{tm=.233;["Torso"]={tm=.0669;cf=cfr(-.021,-.354,-.074,.967,.234,-.105,-.256,.872,-.417,-.006,.43,.903);es="Linear";ed="In";};["Left Leg"]={tm=.0669;cf=cfr(-.614,.243,.135,.924,.235,.3,-.203,.97,-.135,-.323,.064,.944);es="Linear";ed="In";};["Right Leg"]={tm=.0669;cf=cfr(.828,-.046,-.027,.325,.902,.283,-.945,.294,.145,.047,-.315,.948);es="Linear";ed="In";};["Head"]={tm=.167;cf=cfr(0,0,0,.974,-.222,.049,.193,.919,.343,-.121,-.324,.938);es="Linear";ed="In";};};{tm=.3;["Torso"]={tm=.0330;cf=cfr(-.01,-.417,-.195,.948,.289,-.131,-.317,.855,-.41,-.006,.431,.903);es="Linear";ed="In";};["Left Leg"]={tm=.0330;cf=cfr(-.03,-.03,-.039,.9,-.029,.434,.103,.983,-.149,-.423,.179,.888);es="Linear";ed="In";};["Right Leg"]={tm=.0330;cf=cfr(1.285,.211,-.228,.572,.758,.313,-.819,.552,.157,-.053,-.346,.937);es="Linear";ed="In";};};{tm=.333;["Torso"]={tm=.0339;cf=cfr(-.003,-.437,-.178,.938,.316,-.144,-.347,.846,-.406,-.007,.431,.902);es="Linear";ed="In";};["Left Leg"]={tm=.067;cf=cfr(.147,-.112,-.149,.921,-.18,.345,.229,.968,-.107,-.315,.177,.932);es="Linear";ed="In";};["Right Leg"]={tm=.0339;cf=cfr(1.272,.67,-.348,.923,.275,.27,-.335,.919,.21,-.19,-.284,.94);es="Linear";ed="In";};};{tm=.367;["Torso"]={tm=.0330;cf=cfr(-.005,-.433,-.135,.928,.337,-.16,-.373,.837,-.4,-.001,.43,.903);es="Linear";ed="In";};["Right Leg"]={tm=.0330;cf=cfr(1.028,.849,-.238,.887,-.301,.35,.249,.951,.186,-.388,-.078,.918);es="Linear";ed="In";};};{tm=.4;["Torso"]={tm=.0329;cf=cfr(-.007,-.43,-.092,.917,.358,-.176,-.399,.828,-.393,.005,.43,.903);es="Linear";ed="In";};["Left Leg"]={tm=.067;cf=cfr(.148,-.248,-.148,.571,-.747,.34,.816,.56,-.14,-.086,.357,.93);es="Linear";ed="In";};["Right Leg"]={tm=.0329;cf=cfr(.886,.683,-.204,.519,-.801,.3,.814,.57,.114,-.262,.185,.947);es="Linear";ed="In";};["Head"]={tm=.067;cf=cfr(0,0,0,.917,-.4,-.005,.373,.851,.371,-.144,-.341,.929);es="Linear";ed="In";};};{tm=.433;["Step"]="";["Torso"]={tm=.0340;cf=cfr(-.004,-.423,-.107,.908,.375,-.187,-.419,.821,-.387,.008,.43,.903);es="Linear";ed="In";};["Right Leg"]={tm=.0340;cf=cfr(1.012,.561,-.165,.664,-.692,.283,.695,.711,.108,-.276,.124,.953);es="Linear";ed="In";};};{tm=.467;["Torso"]={tm=.066;cf=cfr(0,-.416,-.121,.899,.392,-.197,-.438,.814,-.381,.011,.429,.903);es="Linear";ed="In";};["Left Leg"]={tm=.066;cf=cfr(-.211,-.396,-.077,.281,-.901,.332,.959,.247,-.14,.044,.357,.933);es="Linear";ed="In";};["Right Leg"]={tm=.066;cf=cfr(1.23,.494,-.294,.92,-.219,.326,.18,.973,.144,-.349,-.074,.934);es="Linear";ed="In";};["Head"]={tm=.1659;cf=cfr(0,0,0,.908,-.418,.025,.388,.861,.33,-.159,-.29,.944);es="Linear";ed="In";};};{tm=.533;["Torso"]={tm=.0339;cf=cfr(-.008,-.415,-.191,.926,.342,-.163,-.379,.836,-.398,.001,.43,.903);es="Linear";ed="In";};["Left Leg"]={tm=.0339;cf=cfr(-.7,.021,.23,.558,-.744,.368,.82,.562,-.108,-.126,.363,.923);es="Linear";ed="In";};["Right Leg"]={tm=.0339;cf=cfr(.712,.224,-.09,.906,.04,.422,-.128,.975,.181,-.404,-.218,.888);es="Linear";ed="In";};};{tm=.567;["Torso"]={tm=.0660;cf=cfr(-.012,-.455,-.179,.937,.316,-.146,-.348,.845,-.405,-.004,.431,.903);es="Linear";ed="In";};["Left Leg"]={tm=.0330;cf=cfr(-.687,.425,.284,.893,-.291,.343,.361,.918,-.163,-.267,.27,.925);es="Linear";ed="In";};["Right Leg"]={tm=.0660;cf=cfr(.339,.034,.103,.93,.19,.316,-.248,.956,.155,-.273,-.223,.936);es="Linear";ed="In";};};{tm=.6;["Left Leg"]={tm=.0330;cf=cfr(-.668,.682,.238,.904,.247,.35,-.217,.968,-.124,-.37,.036,.929);es="Linear";ed="In";};};{tm=.633;["Torso"]={tm=.0669;cf=cfr(-.022,-.481,-.119,.964,.249,-.098,-.267,.868,-.42,-.02,.43,.902);es="Linear";ed="In";};["Left Leg"]={tm=.0340;cf=cfr(-.601,.48,.167,.499,.805,.322,-.803,.569,-.178,-.327,-.169,.93);es="Linear";ed="In";};["Right Leg"]={tm=.0669;cf=cfr(.37,-.005,.103,.573,.76,.307,-.815,.568,.115,-.087,-.316,.945);es="Linear";ed="In";};["Head"]={tm=.0669;cf=cfr(0,0,0,.966,-.254,.037,.219,.891,.398,-.134,-.377,.916);es="Linear";ed="In";};};{tm=.667;["Step"]="";["Left Leg"]={tm=.0329;cf=cfr(-.746,.373,.169,.607,.739,.293,-.733,.663,-.154,-.308,-.121,.944);es="Linear";ed="In";};};{tm=.7;["Torso"]={tm=.0670;cf=cfr(-.021,-.553,-.134,.967,.234,-.105,-.256,.872,-.417,-.006,.43,.903);es="Linear";ed="In";};["Left Leg"]={tm=.0670;cf=cfr(-.614,.243,.135,.924,.235,.3,-.203,.97,-.135,-.323,.064,.944);es="Linear";ed="In";};["Right Leg"]={tm=.0670;cf=cfr(.828,-.046,-.027,.325,.902,.283,-.945,.294,.145,.047,-.315,.948);es="Linear";ed="In";};["Head"]={tm=.1670;cf=cfr(0,0,0,.974,-.222,.049,.193,.919,.343,-.121,-.324,.938);es="Linear";ed="In";};};{tm=.767;["Torso"]={tm=.0330;cf=cfr(-.01,-.49,-.195,.948,.289,-.131,-.317,.855,-.41,-.006,.431,.903);es="Linear";ed="In";};["Left Leg"]={tm=.0330;cf=cfr(-.03,-.03,-.039,.9,-.029,.434,.103,.983,-.149,-.423,.179,.888);es="Linear";ed="In";};["Right Leg"]={tm=.0330;cf=cfr(1.285,.211,-.228,.572,.758,.313,-.819,.552,.157,-.053,-.346,.937);es="Linear";ed="In";};};{tm=.8;["Torso"]={tm=.0669;cf=cfr(-.003,-.458,-.178,.938,.316,-.144,-.347,.846,-.406,-.007,.431,.902);es="Linear";ed="In";};["Left Leg"]={tm=.0669;cf=cfr(.147,-.112,-.149,.921,-.18,.345,.229,.968,-.107,-.315,.177,.932);es="Linear";ed="In";};["Right Leg"]={tm=.0329;cf=cfr(1.272,.67,-.348,.923,.275,.27,-.335,.919,.21,-.19,-.284,.94);es="Linear";ed="In";};};{tm=.833;["Right Leg"]={tm=.0340;cf=cfr(1.028,.849,-.238,.887,-.301,.35,.249,.951,.186,-.388,-.078,.918);es="Linear";ed="In";};};{tm=.867;["Torso"]={tm=.0660;cf=cfr(-.007,-.284,-.045,.917,.358,-.176,-.399,.828,-.393,.005,.43,.903);es="Linear";ed="In";};["Left Leg"]={tm=.0660;cf=cfr(.148,-.248,-.148,.571,-.747,.34,.816,.56,-.14,-.086,.357,.93);es="Linear";ed="In";};["Right Leg"]={tm=.0330;cf=cfr(.886,.683,-.204,.519,-.801,.3,.814,.57,.114,-.262,.185,.947);es="Linear";ed="In";};["Head"]={tm=.0660;cf=cfr(0,0,0,.917,-.4,-.005,.373,.851,.371,-.144,-.341,.929);es="Linear";ed="In";};};{tm=.9;["Step"]="";["Right Leg"]={tm=.0330;cf=cfr(1.012,.561,-.165,.664,-.692,.283,.695,.711,.108,-.276,.124,.953);es="Linear";ed="In";};};{tm=.933;["Torso"]={tm=0;cf=cfr(0,-.219,-.057,.899,.391,-.196,-.438,.814,-.382,.011,.429,.903);es="Linear";ed="In";};["Left Leg"]={tm=0;cf=cfr(-.211,-.396,-.077,.281,-.901,.332,.959,.247,-.14,.044,.357,.933);es="Linear";ed="In";};["Right Leg"]={tm=0;cf=cfr(1.23,.494,-.294,.92,-.219,.326,.18,.973,.144,-.349,-.074,.934);es="Linear";ed="In";};["Head"]={tm=0;cf=cfr(0,0,0,.908,-.418,.025,.388,.861,.33,-.159,-.29,.944);es="Linear";ed="In";};};}