-- // converted using mech's animoduler
local cfr = CFrame.new

return {{tm=0;["Torso"]={tm=.133;cf=cfr(0,0,0,.707,.707,0,-.707,.707,0,0,0,1);es="Linear";ed="In";};["Right Arm"]={tm=.1;cf=cfr(-.089,-.107,.349,.564,-.268,.781,.514,.854,-.079,-.646,.446,.62);es="Linear";ed="In";};["Left Arm"]={tm=.1;cf=cfr(-.569,-.046,.052,.479,.753,.452,-.137,.573,-.808,-.867,.325,.378);es="Linear";ed="In";};["Handle"]={tm=.1;cf=cfr(-.724,-1.594,-1.73,-.664,.013,-.748,.003,1,.015,.748,.008,-.664);es="Linear";ed="In";};["Head"]={tm=.133;cf=cfr(0,0,0,.739,-.674,0,.674,.739,0,0,0,1);es="Linear";ed="In";};};{tm=.1;["Right Arm"]={tm=.133;cf=cfr(-.378,-.345,.337,.503,-.493,.71,.625,.775,.096,-.598,.395,.698);es="Linear";ed="In";};["Left Arm"]={tm=.133;cf=cfr(-.383,-.151,.059,.652,.74,.167,-.196,.377,-.905,-.732,.557,.391);es="Linear";ed="In";};["Handle"]={tm=.133;cf=cfr(-.664,-1.274,-1.784,-.691,.163,-.704,-.071,.954,.291,.719,.251,-.648);es="Linear";ed="In";};};{tm=.133;["Torso"]={tm=0;cf=cfr(0,0,0,.986,.166,0,-.166,.986,0,0,0,1);es="Linear";ed="In";};["Head"]={tm=0;cf=cfr(0,0,0,.989,-.149,0,.149,.989,0,0,0,1);es="Linear";ed="In";};};{tm=.233;["Right Arm"]={tm=0;cf=cfr(-.289,-.407,.243,.243,-.615,.75,.595,.706,.385,-.766,.352,.537);es="Linear";ed="In";};["Left Arm"]={tm=0;cf=cfr(.141,.245,.113,.55,.835,-.024,-.499,.306,-.811,-.67,.458,.585);es="Linear";ed="In";};["Handle"]={tm=0;cf=cfr(-1.041,-.573,-1.51,-.505,.391,-.769,-.298,.758,.581,.81,.522,-.266);es="Linear";ed="In";};};}