-- // converted using mech's animoduler
local cfr = CFrame.new

return {{tm=0;["Torso"]={tm=.067;cf=cfr(0,0,-.038,.497,.863,-.092,-.868,.495,-.047,.005,.103,.995);es="Linear";ed="In";};["Right Arm"]={tm=.033;cf=cfr(-.092,.185,.351,.518,-.146,.843,.057,.989,.137,-.854,-.022,.52);es="Linear";ed="In";};["Left Arm"]={tm=.033;cf=cfr(-.55,-.234,-.057,.736,.477,.48,.148,.579,-.802,-.66,.661,.356);es="Linear";ed="In";};["Handle"]={tm=.033;cf=cfr(-.22,-1.791,-1.471,-.565,-.109,-.818,-.168,.986,-.016,.808,.128,-.575);es="Linear";ed="In";};["Head"]={tm=.067;cf=cfr(0,0,0,.482,-.876,.033,.875,.483,.038,-.049,.01,.999);es="Linear";ed="In";};};{tm=.033;["Right Arm"]={tm=.034;cf=cfr(.003,-.206,.203,.59,-.347,.729,.268,.936,.228,-.762,.061,.645);es="Linear";ed="In";};["Left Arm"]={tm=.034;cf=cfr(-.844,-.347,-.097,.658,.629,.414,-.066,.595,-.801,-.75,.5,.433);es="Linear";ed="In";};["Handle"]={tm=.034;cf=cfr(-.251,-1.909,-2.061,-.666,-.144,-.731,-.236,.971,.024,.707,.189,-.681);es="Linear";ed="In";};};{tm=.067;["Torso"]={tm=.066;cf=cfr(0,0,0,.903,.429,.037,-.43,.902,.045,-.014,-.056,.998);es="Linear";ed="In";};["Right Arm"]={tm=.066;cf=cfr(.931,-.535,-.338,.261,-.721,.641,.886,.443,.137,-.383,.532,.755);es="Linear";ed="In";};["Left Arm"]={tm=.066;cf=cfr(-1.425,-.237,-.236,.022,.967,.255,-.199,.255,-.946,-.98,-.03,.198);es="Linear";ed="In";};["Handle"]={tm=.066;cf=cfr(-.917,-1.292,-3.635,-.82,-.163,-.549,-.238,.969,.066,.521,.185,-.833);es="Linear";ed="In";};["Head"]={tm=.066;cf=cfr(0,0,0,.926,-.378,.002,.375,.918,-.133,.048,.124,.991);es="Linear";ed="In";};};{tm=.133;["Torso"]={tm=.067;cf=cfr(0,0,0,.91,.412,.054,-.414,.909,.046,-.03,-.064,.998);es="Linear";ed="In";};["Right Arm"]={tm=.067;cf=cfr(1.017,-.497,-.377,.174,-.758,.629,.863,.425,.273,-.475,.495,.728);es="Linear";ed="In";};["Left Arm"]={tm=.067;cf=cfr(-1.498,-.207,-.196,.046,.982,.183,-.235,.189,-.953,-.971,.001,.24);es="Linear";ed="In";};["Handle"]={tm=.067;cf=cfr(-.88,-1.128,-3.792,-.794,-.27,-.544,-.379,.92,.097,.475,.283,-.833);es="Linear";ed="In";};["Head"]={tm=.067;cf=cfr(0,0,0,.926,-.378,.002,.375,.918,-.133,.048,.124,.991);es="Linear";ed="In";};};{tm=.2;["Torso"]={tm=.267;cf=cfr(0,0,0,.913,.404,.059,-.406,.913,.046,-.035,-.066,.997);es="Linear";ed="In";};["Right Arm"]={tm=.1669;cf=cfr(.979,-.483,-.388,.156,-.77,.619,.857,.417,.303,-.491,.483,.725);es="Linear";ed="In";};["Left Arm"]={tm=.1669;cf=cfr(-1.471,-.212,-.17,.062,.989,.134,-.258,.146,-.955,-.964,.025,.264);es="Linear";ed="In";};["Handle"]={tm=.1669;cf=cfr(-.853,-1.073,-3.787,-.792,-.294,-.535,-.409,.906,.109,.453,.305,-.838);es="Linear";ed="In";};["Head"]={tm=.267;cf=cfr(0,0,0,.926,-.378,.002,.375,.918,-.133,.048,.124,.991);es="Linear";ed="In";};};{tm=.367;["Right Arm"]={tm=.1000;cf=cfr(-.061,-.214,.288,.512,-.396,.763,.612,.791,0,-.603,.467,.647);es="Linear";ed="In";};["Left Arm"]={tm=.1000;cf=cfr(-.731,-.103,-.072,.421,.81,.407,-.228,.529,-.817,-.878,.251,.408);es="Linear";ed="In";};["Handle"]={tm=.1000;cf=cfr(-.631,-1.584,-2.1,-.737,-.061,-.674,-.112,.993,.034,.667,.101,-.738);es="Linear";ed="In";};};{tm=.467;["Torso"]={tm=0;cf=cfr(0,0,0,.707,.707,0,-.707,.707,0,0,0,1);es="Linear";ed="In";};["Right Arm"]={tm=0;cf=cfr(-.089,-.107,.349,.564,-.268,.781,.514,.854,-.079,-.646,.446,.62);es="Linear";ed="In";};["Left Arm"]={tm=0;cf=cfr(-.569,-.046,.052,.479,.753,.452,-.137,.573,-.808,-.867,.325,.378);es="Linear";ed="In";};["Handle"]={tm=0;cf=cfr(-.724,-1.594,-1.73,-.664,.013,-.748,.003,1,.015,.748,.008,-.664);es="Linear";ed="In";};["Head"]={tm=0;cf=cfr(0,0,0,.739,-.674,0,.674,.739,0,0,0,1);es="Linear";ed="In";};};}