-- // converted using mech's animoduler
local cfr = CFrame.new

return {{tm=0;["Torso"]={tm=.133;cf=cfr(0,0,0,.707,.707,0,-.707,.707,0,0,0,1);es="Linear";ed="In";};["Right Arm"]={tm=.133;cf=cfr(-.089,-.107,.349,.564,-.268,.781,.514,.854,-.079,-.646,.446,.62);es="Linear";ed="In";};["Left Arm"]={tm=.067;cf=cfr(-.569,-.046,.052,.479,.753,.452,-.137,.573,-.808,-.867,.325,.378);es="Linear";ed="In";};["Handle"]={tm=.133;cf=cfr(-.724,-1.594,-1.73,-.664,.013,-.748,.003,1,.015,.748,.008,-.664);es="Linear";ed="In";};["Head"]={tm=.133;cf=cfr(0,0,0,.739,-.674,0,.674,.739,0,0,0,1);es="Linear";ed="In";};};{tm=.067;["Left Arm"]={tm=.066;cf=cfr(-.506,-.071,.046,.633,.737,.236,-.443,.595,-.671,-.635,.32,.703);es="Linear";ed="In";};};{tm=.133;["Torso"]={tm=.1669;cf=cfr(0,0,0,.67,.743,-.001,-.743,.67,.002,.002,-.001,1);es="Linear";ed="In";};["Right Arm"]={tm=.1669;cf=cfr(-.27,-.095,.335,.397,-.622,.675,.437,.775,.457,-.807,.113,.58);es="Linear";ed="In";};["Left Arm"]={tm=.1669;cf=cfr(-.443,-.097,.039,.467,.824,-.321,-.857,.511,.065,.218,.245,.945);es="Linear";ed="In";};["Handle"]={tm=.034;cf=cfr(-.026,-1.358,-2.296,-.517,-.457,-.723,-.675,.738,.016,.526,.497,-.69);es="Linear";ed="In";};["Head"]={tm=.1669;cf=cfr(0,0,0,.698,-.716,.012,.716,.698,-.01,-.001,.016,1);es="Linear";ed="In";};};{tm=.167;["Handle"]={tm=.033;cf=cfr(.179,-1.121,-2.498,-.333,-.578,-.745,-.877,.481,.018,.348,.659,-.667);es="Linear";ed="In";};};{tm=.2;["Handle"]={tm=.033;cf=cfr(.3,-.809,-2.603,-.118,-.633,-.765,-.985,.174,.009,.127,.754,-.644);es="Linear";ed="In";};};{tm=.233;["Handle"]={tm=.034;cf=cfr(.403,-.492,-2.688,.102,-.615,-.782,-.988,-.152,-.01,-.113,.773,-.624);es="Linear";ed="In";};};{tm=.267;["Handle"]={tm=.0329;cf=cfr(.412,-.133,-2.655,.306,-.527,-.793,-.887,-.461,-.035,-.347,.714,-.609);es="Linear";ed="In";};};{tm=.3;["Torso"]={tm=.2;cf=cfr(0,0,0,.587,.808,.045,-.809,.586,.041,.007,-.061,.998);es="Linear";ed="In";};["Right Arm"]={tm=.1000;cf=cfr(-.234,-.639,.301,.281,-.929,-.243,.276,-.164,.947,-.919,-.333,.21);es="Linear";ed="In";};["Left Arm"]={tm=.0330;cf=cfr(-.944,-.646,-.227,-.811,.577,-.09,-.258,-.215,.942,.524,.788,.324);es="Linear";ed="In";};["Handle"]={tm=.1000;cf=cfr(.336,.151,-2.506,.47,-.378,-.797,-.691,-.72,-.066,-.549,.582,-.6);es="Linear";ed="In";};["Head"]={tm=.2;cf=cfr(0,0,0,.637,-.768,.065,.768,.627,-.128,.058,.132,.99);es="Linear";ed="In";};};{tm=.333;["Left Arm"]={tm=.067;cf=cfr(-1.009,-.572,-.335,-.848,.529,.026,-.141,-.271,.952,.511,.804,.305);es="Linear";ed="In";};};{tm=.4;["Right Arm"]={tm=.067;cf=cfr(.056,-.465,.499,.336,-.666,-.666,.168,-.654,.738,-.927,-.36,-.108);es="Linear";ed="In";};["Left Arm"]={tm=.067;cf=cfr(-1.137,-.424,-.55,-.864,.381,.328,.104,-.503,.858,.492,.776,.395);es="Linear";ed="In";};["Handle"]={tm=.067;cf=cfr(.343,1.159,-2.202,.601,-.113,-.791,-.273,-.959,-.07,-.751,.258,-.608);es="Linear";ed="In";};};{tm=.467;["Right Arm"]={tm=.0329;cf=cfr(.32,-.037,.661,.389,-.338,-.857,.106,-.907,.407,-.915,-.249,-.317);es="Linear";ed="In";};["Left Arm"]={tm=.0329;cf=cfr(-1.315,-.019,-.757,-.789,.134,.6,.349,-.705,.617,.505,.697,.509);es="Linear";ed="In";};["Handle"]={tm=.0329;cf=cfr(.208,1.876,-1.773,.607,.117,-.786,.105,-.992,-.067,-.788,-.042,-.614);es="Linear";ed="In";};};{tm=.5;["Torso"]={tm=0;cf=cfr(0,0,0,.558,.828,.058,-.83,.555,.053,.012,-.078,.997);es="Linear";ed="In";};["Right Arm"]={tm=0;cf=cfr(.37,.054,.694,.432,-.219,-.875,.101,-.952,.288,-.896,-.213,-.39);es="Linear";ed="In";};["Left Arm"]={tm=0;cf=cfr(-1.332,.081,-.819,-.751,.039,.659,.429,-.73,.533,.502,.683,.531);es="Linear";ed="In";};["Handle"]={tm=0;cf=cfr(.167,2.002,-1.624,.592,.182,-.785,.208,-.976,-.07,-.778,-.122,-.616);es="Linear";ed="In";};["Head"]={tm=0;cf=cfr(0,0,0,.603,-.796,.058,.794,.592,-.135,.073,.127,.989);es="Linear";ed="In";};};}