-- // converted using mech's animoduler
local cfr = CFrame.new

return {{tm=0;["Torso"]={tm=.6;cf=cfr(0,0,-.034,.707,.704,-.062,-.707,.704,-.062,0,.087,.996);es="Linear";ed="In";};["Left Leg"]={tm=.6;cf=cfr(-.041,.058,.2,.707,.005,.707,-.023,1,.015,-.707,-.027,.707);es="Linear";ed="In";};["Right Leg"]={tm=.6;cf=cfr(.297,.054,.137,.943,.083,-.322,-.058,.995,.087,.328,-.063,.943);es="Linear";ed="In";};["Left Arm"]={tm=.6;cf=cfr(-.536,-.012,.191,.503,.818,.279,-.115,.383,-.917,-.856,.429,.287);es="Linear";ed="In";};["Handle"]={tm=.6;cf=cfr(-.713,-1.25,-1.837,-.707,.041,-.706,0,.998,.058,.707,.041,-.706);es="Linear";ed="In";};["Head"]={tm=.6;cf=cfr(0,0,0,.707,-.707,.008,.704,.705,.079,-.062,-.05,.997);es="Linear";ed="In";};["Right Arm"]={tm=.6;cf=cfr(-.197,-.018,.339,.544,-.376,.75,.629,.774,-.068,-.555,.509,.658);es="Linear";ed="In";};};{tm=.6;["Torso"]={tm=.4;cf=cfr(0,0,-.057,.707,.703,-.076,-.707,.702,-.081,-.004,.111,.994);es="Cubic";ed="InOut";};["Left Leg"]={tm=.4;cf=cfr(-.066,.073,.227,.707,.026,.707,-.032,.999,-.005,-.707,-.019,.707);es="Cubic";ed="InOut";};["Right Leg"]={tm=.4;cf=cfr(.36,.061,.128,.943,.083,-.322,-.058,.995,.087,.328,-.063,.943);es="Cubic";ed="InOut";};["Left Arm"]={tm=.4;cf=cfr(-.536,-.012,.191,.503,.818,.279,-.115,.383,-.917,-.856,.429,.287);es="Cubic";ed="InOut";};["Handle"]={tm=.4;cf=cfr(-.713,-1.25,-1.837,-.707,.041,-.706,0,.998,.058,.707,.041,-.706);es="Cubic";ed="InOut";};["Head"]={tm=.4;cf=cfr(0,0,0,.707,-.707,.01,.703,.705,.094,-.073,-.06,.996);es="Cubic";ed="InOut";};["Right Arm"]={tm=.4;cf=cfr(-.197,-.018,.339,.544,-.376,.75,.629,.774,-.068,-.555,.509,.658);es="Cubic";ed="InOut";};};{tm=1;["Torso"]={tm=0;cf=cfr(0,0,-.034,.707,.704,-.062,-.707,.704,-.062,0,.087,.996);es="Linear";ed="In";};["Left Leg"]={tm=0;cf=cfr(-.041,.058,.2,.707,.005,.707,-.023,1,.015,-.707,-.027,.707);es="Linear";ed="In";};["Right Leg"]={tm=0;cf=cfr(.297,.054,.137,.943,.083,-.322,-.058,.995,.087,.328,-.063,.943);es="Linear";ed="In";};["Left Arm"]={tm=0;cf=cfr(-.536,-.012,.191,.503,.818,.279,-.115,.383,-.917,-.856,.429,.287);es="Linear";ed="In";};["Handle"]={tm=0;cf=cfr(-.713,-1.25,-1.837,-.707,.041,-.706,0,.998,.058,.707,.041,-.706);es="Linear";ed="In";};["Head"]={tm=0;cf=cfr(0,0,0,.707,-.707,.008,.704,.705,.079,-.062,-.05,.997);es="Linear";ed="In";};["Right Arm"]={tm=0;cf=cfr(-.197,-.018,.339,.544,-.376,.75,.629,.774,-.068,-.555,.509,.658);es="Linear";ed="In";};};}