-- // converted using mech's animoduler
local cfr = CFrame.new

return {{tm=0;["Torso"]={tm=.1;cf=cfr(0,0,0,.707,.707,0,-.707,.707,0,0,0,1);es="Linear";ed="In";};["Right Arm"]={tm=.1;cf=cfr(-.089,-.107,.349,.564,-.268,.781,.514,.854,-.079,-.646,.446,.62);es="Linear";ed="In";};["Left Arm"]={tm=.1;cf=cfr(-.569,-.046,.052,.479,.753,.452,-.137,.573,-.808,-.867,.325,.378);es="Linear";ed="In";};["Handle"]={tm=.1;cf=cfr(-.724,-1.594,-1.73,-.664,.013,-.748,.003,1,.015,.748,.008,-.664);es="Linear";ed="In";};["Head"]={tm=.1;cf=cfr(0,0,0,.739,-.674,0,.674,.739,0,0,0,1);es="Linear";ed="In";};};{tm=.1;["Torso"]={tm=.1;cf=cfr(0,0,-.019,.547,.835,-.062,-.837,.546,-.038,.002,.073,.997);es="Linear";ed="In";};["Right Arm"]={tm=.1;cf=cfr(-.121,.174,.339,.56,-.148,.815,.19,.981,.047,-.806,.129,.577);es="Linear";ed="In";};["Left Arm"]={tm=.1;cf=cfr(-.537,-.178,-.023,.725,.51,.462,.093,.592,-.8,-.682,.623,.382);es="Linear";ed="In";};["Handle"]={tm=.1;cf=cfr(-.343,-1.756,-1.49,-.612,-.064,-.788,-.087,.996,-.013,.786,.061,-.615);es="Linear";ed="In";};["Head"]={tm=.1;cf=cfr(0,0,0,.575,-.818,.018,.818,.575,.018,-.025,.004,1);es="Linear";ed="In";};};{tm=.2;["Torso"]={tm=0;cf=cfr(0,0,-.038,.497,.863,-.092,-.868,.495,-.047,.005,.103,.995);es="Linear";ed="In";};["Right Arm"]={tm=0;cf=cfr(-.092,.185,.351,.518,-.146,.843,.057,.989,.137,-.854,-.022,.52);es="Linear";ed="In";};["Left Arm"]={tm=0;cf=cfr(-.55,-.234,-.057,.736,.477,.48,.148,.579,-.802,-.66,.661,.356);es="Linear";ed="In";};["Handle"]={tm=0;cf=cfr(-.22,-1.791,-1.471,-.565,-.109,-.818,-.168,.986,-.016,.808,.128,-.575);es="Linear";ed="In";};["Head"]={tm=0;cf=cfr(0,0,0,.482,-.876,.033,.875,.483,.038,-.049,.01,.999);es="Linear";ed="In";};};}