-- // converted using mech's animoduler
local cfr = CFrame.new

return {{tm=0;["Torso"]={tm=.067;cf=cfr(0,0,0,.558,.828,.058,-.83,.555,.053,.012,-.078,.997);es="Linear";ed="In";};["Right Arm"]={tm=.033;cf=cfr(.37,.054,.694,.432,-.219,-.875,.101,-.952,.288,-.896,-.213,-.39);es="Linear";ed="In";};["Left Arm"]={tm=.033;cf=cfr(-1.332,.081,-.819,-.751,.039,.659,.429,-.73,.533,.502,.683,.531);es="Linear";ed="In";};["Handle"]={tm=.033;cf=cfr(.167,2.002,-1.624,.592,.182,-.785,.208,-.976,-.07,-.778,-.122,-.616);es="Linear";ed="In";};["Head"]={tm=.067;cf=cfr(0,0,0,.603,-.796,.058,.794,.592,-.135,.073,.127,.989);es="Linear";ed="In";};};{tm=.033;["Right Arm"]={tm=.034;cf=cfr(.792,.185,.34,.303,-.316,-.899,-.238,-.939,.25,-.923,.139,-.36);es="Linear";ed="In";};["Left Arm"]={tm=.034;cf=cfr(-1.395,.101,-.54,-.509,.411,.756,-.014,-.882,.471,.861,.229,.454);es="Linear";ed="In";};["Handle"]={tm=.034;cf=cfr(-.668,2.042,-1.897,.503,.146,-.852,.244,-.969,-.022,-.829,-.197,-.524);es="Linear";ed="In";};};{tm=.067;["Torso"]={tm=.066;cf=cfr(0,0,0,.69,.724,.006,-.709,.677,-.196,-.146,.13,.981);es="Linear";ed="In";};["Right Arm"]={tm=.066;cf=cfr(1.139,.422,.089,.286,-.382,-.879,-.522,-.831,.191,-.803,.404,-.437);es="Linear";ed="In";};["Left Arm"]={tm=.066;cf=cfr(-1.712,.173,-.277,-.23,.586,.777,-.44,-.775,.454,.868,-.237,.436);es="Linear";ed="In";};["Handle"]={tm=.066;cf=cfr(-1.364,2.146,-2.395,.54,.107,-.835,.285,-.957,.061,-.792,-.271,-.547);es="Linear";ed="In";};["Head"]={tm=.066;cf=cfr(0,0,0,.782,-.613,-.117,.621,.782,.052,.06,-.113,.992);es="Linear";ed="In";};};{tm=.133;["Torso"]={tm=.067;cf=cfr(0,0,0,.747,.665,.026,-.643,.731,-.227,-.17,.153,.974);es="Linear";ed="In";};["Right Arm"]={tm=.067;cf=cfr(1.116,.431,.021,.346,-.393,-.852,-.521,-.835,.174,-.78,.384,-.494);es="Linear";ed="In";};["Left Arm"]={tm=.067;cf=cfr(-1.806,.188,-.257,-.292,.597,.747,-.44,-.778,.449,.849,-.198,.49);es="Linear";ed="In";};["Handle"]={tm=.067;cf=cfr(-1.351,2.169,-2.495,.588,.13,-.799,.301,-.951,.066,-.751,-.279,-.598);es="Linear";ed="In";};["Head"]={tm=.067;cf=cfr(0,0,0,.828,-.555,-.085,.561,.82,.111,.008,-.14,.99);es="Linear";ed="In";};};{tm=.2;["Torso"]={tm=.067;cf=cfr(0,0,0,.758,.651,.029,-.628,.742,-.235,-.175,.16,.972);es="Linear";ed="In";};["Right Arm"]={tm=.067;cf=cfr(1.123,.489,.018,.355,-.396,-.847,-.578,-.805,.134,-.735,.442,-.515);es="Linear";ed="In";};["Left Arm"]={tm=.067;cf=cfr(-1.836,.191,-.254,-.322,.588,.742,-.457,-.783,.422,.829,-.203,.52);es="Linear";ed="In";};["Handle"]={tm=.067;cf=cfr(-1.374,2.153,-2.525,.595,.164,-.787,.336,-.94,.058,-.73,-.299,-.614);es="Linear";ed="In";};["Head"]={tm=.067;cf=cfr(0,0,0,.839,-.538,-.078,.544,.831,.113,.004,-.137,.991);es="Linear";ed="In";};};{tm=.267;["Torso"]={tm=.0999;cf=cfr(0,0,0,.742,.67,.027,-.652,.73,-.207,-.159,.136,.978);es="Linear";ed="In";};["Right Arm"]={tm=.0999;cf=cfr(.806,.369,.391,.47,-.407,-.783,-.512,-.848,.134,-.719,.338,-.607);es="Linear";ed="In";};["Left Arm"]={tm=.0999;cf=cfr(-1.535,.236,-.295,-.48,.713,.511,-.345,-.689,.637,.806,.129,.577);es="Linear";ed="In";};["Handle"]={tm=.0329;cf=cfr(-.606,2.213,-2.506,.681,-.028,-.732,.06,-.994,.093,-.73,-.107,-.675);es="Linear";ed="In";};["Head"]={tm=.0999;cf=cfr(0,0,0,.811,-.584,-.028,.584,.806,.093,-.031,-.092,.995);es="Linear";ed="In";};};{tm=.3;["Handle"]={tm=.0330;cf=cfr(-.276,2.019,-2.693,.622,-.256,-.74,-.271,-.957,.103,-.735,.137,-.664);es="Linear";ed="In";};};{tm=.333;["Handle"]={tm=.0339;cf=cfr(.058,1.744,-2.896,.49,-.451,-.746,-.571,-.813,.117,-.659,.369,-.656);es="Linear";ed="In";};};{tm=.367;["Torso"]={tm=.133;cf=cfr(0,0,0,.725,.688,.021,-.677,.719,-.157,-.124,.1,.987);es="Linear";ed="In";};["Right Arm"]={tm=.066;cf=cfr(.614,-.168,.648,.176,-.74,-.649,-.242,-.672,.7,-.954,.034,-.297);es="Linear";ed="In";};["Left Arm"]={tm=.133;cf=cfr(-.934,-.081,-.339,-.15,.966,-.213,-.988,-.138,.066,.034,.22,.975);es="Linear";ed="In";};["Handle"]={tm=.0330;cf=cfr(.365,1.376,-3.084,.301,-.592,-.747,-.806,-.577,.133,-.51,.562,-.651);es="Linear";ed="In";};["Head"]={tm=.133;cf=cfr(0,0,0,.788,-.613,-.057,.615,.786,.054,.012,-.077,.997);es="Linear";ed="In";};};{tm=.4;["Handle"]={tm=.0329;cf=cfr(.453,.663,-3.164,.116,-.666,-.737,-.946,-.299,.122,-.302,.683,-.665);es="Linear";ed="In";};};{tm=.433;["Right Arm"]={tm=.067;cf=cfr(.119,-.618,.483,.089,-.985,-.148,.072,-.142,.987,-.993,-.099,.058);es="Linear";ed="In";};["Handle"]={tm=.0340;cf=cfr(.439,-.118,-3.092,-.084,-.679,-.729,-.994,.008,.106,-.066,.734,-.676);es="Linear";ed="In";};};{tm=.467;["Handle"]={tm=.0329;cf=cfr(.344,-.671,-2.989,-.277,-.631,-.725,-.945,.315,.087,.174,.709,-.683);es="Linear";ed="In";};};{tm=.5;["Torso"]={tm=.133;cf=cfr(0,0,0,.71,.704,.008,-.704,.709,-.036,-.031,.02,.999);es="Linear";ed="In";};["Right Arm"]={tm=.0999;cf=cfr(-.093,-.595,.276,.188,-.897,.401,.374,.443,.815,-.908,-.003,.418);es="Linear";ed="In";};["Left Arm"]={tm=.0330;cf=cfr(-1.019,-.157,-.153,.557,.78,.285,-.152,.433,-.889,-.816,.452,.36);es="Linear";ed="In";};["Handle"]={tm=.0330;cf=cfr(.045,-1.177,-2.733,-.447,-.524,-.725,-.803,.592,.066,.394,.612,-.686);es="Linear";ed="In";};["Head"]={tm=.133;cf=cfr(0,0,0,.752,-.66,-.009,.66,.752,.002,.006,-.008,1);es="Linear";ed="In";};};{tm=.533;["Left Arm"]={tm=.0669;cf=cfr(-.923,-.149,-.101,.54,.739,.403,-.15,.555,-.818,-.828,.381,.411);es="Linear";ed="In";};["Handle"]={tm=.0339;cf=cfr(-.19,-1.508,-2.487,-.57,-.341,-.748,-.543,.839,.032,.617,.424,-.663);es="Linear";ed="In";};};{tm=.567;["Handle"]={tm=.0330;cf=cfr(-.389,-1.604,-2.217,-.627,-.22,-.747,-.359,.933,.027,.691,.285,-.664);es="Linear";ed="In";};};{tm=.6;["Right Arm"]={tm=.0330;cf=cfr(-.152,-.194,.317,.474,-.427,.77,.562,.82,.109,-.678,.382,.629);es="Linear";ed="In";};["Left Arm"]={tm=.0330;cf=cfr(-.656,-.044,.047,.505,.743,.439,-.149,.576,-.804,-.85,.34,.402);es="Linear";ed="In";};["Handle"]={tm=.0330;cf=cfr(-.642,-1.611,-1.889,-.662,-.062,-.747,-.118,.993,.022,.74,.103,-.665);es="Linear";ed="In";};};{tm=.633;["Torso"]={tm=0;cf=cfr(0,0,0,.707,.707,0,-.707,.707,0,0,0,1);es="Linear";ed="In";};["Right Arm"]={tm=0;cf=cfr(-.089,-.107,.349,.564,-.268,.781,.514,.854,-.079,-.646,.446,.62);es="Linear";ed="In";};["Left Arm"]={tm=0;cf=cfr(-.569,-.046,.052,.479,.753,.452,-.137,.573,-.808,-.867,.325,.378);es="Linear";ed="In";};["Handle"]={tm=0;cf=cfr(-.724,-1.594,-1.73,-.664,.013,-.748,.003,1,.015,.748,.008,-.664);es="Linear";ed="In";};["Head"]={tm=0;cf=cfr(0,0,0,.739,-.674,0,.674,.739,0,0,0,1);es="Linear";ed="In";};};}