-- // converted using mech's animoduler
local cfr = CFrame.new

return {{tm=0;["Torso"]={tm=.2;cf=cfr(0,0,0,.558,.828,.058,-.83,.555,.053,.012,-.078,.997);es="Linear";ed="In";};["Right Arm"]={tm=.2;cf=cfr(.37,.054,.694,.432,-.219,-.875,.101,-.952,.288,-.896,-.213,-.39);es="Linear";ed="In";};["Left Arm"]={tm=.2;cf=cfr(-1.332,.081,-.819,-.751,.039,.659,.429,-.73,.533,.502,.683,.531);es="Linear";ed="In";};["Handle"]={tm=.2;cf=cfr(.167,2.002,-1.624,.592,.182,-.785,.208,-.976,-.07,-.778,-.122,-.616);es="Linear";ed="In";};["Head"]={tm=.2;cf=cfr(0,0,0,.603,-.796,.058,.794,.592,-.135,.073,.127,.989);es="Linear";ed="In";};};{tm=.2;["Torso"]={tm=0;cf=cfr(0,0,0,.558,.828,.058,-.83,.555,.053,.012,-.078,.997);es="Linear";ed="In";};["Right Arm"]={tm=0;cf=cfr(.37,.054,.694,.432,-.219,-.875,.101,-.952,.288,-.896,-.213,-.39);es="Linear";ed="In";};["Left Arm"]={tm=0;cf=cfr(-1.332,.081,-.819,-.751,.039,.659,.429,-.73,.533,.502,.683,.531);es="Linear";ed="In";};["Handle"]={tm=0;cf=cfr(.167,2.002,-1.624,.592,.182,-.785,.208,-.976,-.07,-.778,-.122,-.616);es="Linear";ed="In";};["Head"]={tm=0;cf=cfr(0,0,0,.603,-.796,.058,.794,.592,-.135,.073,.127,.989);es="Linear";ed="In";};};}