-- // converted using mech's animoduler
local cfr = CFrame.new

return {{tm=0;["Handle"]={tm=.267;cf=cfr(-1.586,.745,.541,0,1,0,0,0,1,1,0,0);es="Linear";ed="In";};};{tm=.1;["Right Arm"]={tm=.167;cf=cfr(.544,-.189,-.181,-.084,-.664,.743,.994,-.004,.109,-.07,.748,.66);es="Linear";ed="In";};};{tm=.233;["Head"]={tm=.1;cf=cfr(0,0,0,.962,-.213,-.171,.216,.976,0,.167,-.037,.985);es="Linear";ed="In";};};{tm=.267;["Handle"]={tm=.066;cf=cfr(-1.586,.745,.541,0,1,0,0,0,1,1,0,0);es="Linear";ed="In";};["Right Arm"]={tm=.066;cf=cfr(.529,.454,-1.121,.283,.685,.671,.81,-.545,.215,.513,.483,-.709);es="Linear";ed="In";};};{tm=.333;["Handle"]={tm=.067;cf=cfr(-1.586,.745,.541,0,1,0,0,0,1,1,0,0);es="Linear";ed="In";};["Head"]={tm=.1669;cf=cfr(0,0,0,.948,-.257,-.19,.26,.965,-.005,.184,-.045,.982);es="Linear";ed="In";};["Right Arm"]={tm=.067;cf=cfr(.434,.517,-1.192,.303,.705,.641,.81,-.545,.215,.501,.455,-.736);es="Linear";ed="In";};["Left Arm"]={tm=.067;cf=cfr(-.458,-.641,-.093,-.629,.345,-.697,-.578,.391,.716,.519,.853,-.047);es="Linear";ed="In";};};{tm=.4;["Handle"]={tm=.0999;cf=cfr(-1.636,.929,.387,-.171,.983,.067,.022,-.064,.998,.985,.172,-.011);es="Linear";ed="In";};["Right Arm"]={tm=.0999;cf=cfr(.302,.614,-1.124,.234,.601,.764,.788,-.577,.213,.569,.552,-.609);es="Linear";ed="In";};["Left Arm"]={tm=.0999;cf=cfr(-.407,-.641,-.212,-.794,.176,-.582,-.499,.359,.789,.347,.917,-.197);es="Linear";ed="In";};};{tm=.5;["Handle"]={tm=.0999;cf=cfr(-2.046,.911,-.363,-.526,.823,.216,-.024,-.268,.963,.85,.501,.16);es="Linear";ed="In";};["Head"]={tm=.0999;cf=cfr(0,0,0,.944,-.223,-.245,.226,.974,-.016,.242,-.04,.969);es="Linear";ed="In";};["Right Arm"]={tm=.1670;cf=cfr(.409,.525,-1.248,-.049,.391,.919,.782,-.557,.279,.622,.732,-.279);es="Linear";ed="In";};["Left Arm"]={tm=.0999;cf=cfr(-.367,-.641,-.294,-.827,.075,-.557,-.516,.293,.805,.223,.953,-.204);es="Linear";ed="In";};};{tm=.6;["Handle"]={tm=.0670;cf=cfr(-1.851,.578,-1.249,-.854,.489,.179,.068,-.235,.97,.516,.84,.167);es="Linear";ed="In";};["Head"]={tm=.2000;cf=cfr(0,0,0,.967,-.161,-.199,.162,.987,-.01,.198,-.023,.98);es="Linear";ed="In";};["Left Arm"]={tm=.0670;cf=cfr(.171,-.475,.215,-.605,.294,-.74,-.675,.303,.672,.422,.907,.016);es="Linear";ed="In";};};{tm=.667;["Handle"]={tm=.0659;cf=cfr(-1.565,.356,-1.774,-.957,.243,.162,.117,-.19,.975,.267,.951,.154);es="Linear";ed="In";};["Right Arm"]={tm=.0659;cf=cfr(.579,.143,-1.14,-.424,-.275,.863,.839,-.478,.26,.341,.834,.434);es="Linear";ed="In";};["Left Arm"]={tm=.133;cf=cfr(.35,-.365,.555,-.413,.426,-.805,-.755,.335,.564,.51,.841,.183);es="Linear";ed="In";};};{tm=.733;["Handle"]={tm=.0670;cf=cfr(-1.416,.263,-1.939,-.96,.272,.069,.022,-.173,.985,.28,.947,.16);es="Linear";ed="In";};["Right Arm"]={tm=.0670;cf=cfr(.639,.162,-1.014,-.466,-.382,.798,.863,-.396,.314,.196,.835,.514);es="Linear";ed="In";};};{tm=.8;["Handle"]={tm=.133;cf=cfr(-1.302,.089,-1.851,-.91,.415,-.014,-.062,-.103,.993,.41,.904,.12);es="Linear";ed="In";};["Head"]={tm=0;cf=cfr(0,0,0,.998,-.042,-.05,.042,.999,0,.05,-.002,.999);es="Linear";ed="In";};["Right Arm"]={tm=.133;cf=cfr(.593,.146,-.78,-.434,-.399,.807,.895,-.297,.334,.106,.867,.486);es="Linear";ed="In";};["Left Arm"]={tm=.133;cf=cfr(.694,-.436,.44,-.088,.829,-.553,-.988,-.001,.156,.129,.56,.819);es="Linear";ed="In";};};{tm=.933;["Handle"]={tm=.1670;cf=cfr(-1.074,-.447,-1.658,-.741,.637,-.213,-.113,.195,.974,.662,.746,-.073);es="Linear";ed="In";};["Right Arm"]={tm=.0669;cf=cfr(.561,.164,-.447,-.222,-.445,.867,.971,-.024,.237,-.085,.895,.438);es="Linear";ed="In";};["Left Arm"]={tm=.0669;cf=cfr(.242,-.178,.034,.366,.896,-.252,-.923,.314,-.224,-.122,.314,.942);es="Linear";ed="In";};};{tm=1;["Right Arm"]={tm=.1000;cf=cfr(.201,.033,-.087,-.067,-.548,.834,.921,.288,.263,-.384,.785,.485);es="Linear";ed="In";};["Left Arm"]={tm=.1000;cf=cfr(.157,-.054,.035,.469,.85,-.241,-.83,.331,-.448,-.301,.41,.861);es="Linear";ed="In";};};{tm=1.1;["Handle"]={tm=.0669;cf=cfr(-1.06,-.534,-1.568,-.559,.431,-.708,-.333,.665,.668,.759,.609,-.229);es="Linear";ed="In";};["Right Arm"]={tm=.0329;cf=cfr(-.172,-.2,.203,.25,-.552,.795,.536,.763,.361,-.806,.336,.487);es="Linear";ed="In";};["Left Arm"]={tm=.0669;cf=cfr(.149,.162,.119,.529,.843,-.097,-.599,.29,-.746,-.601,.453,.659);es="Linear";ed="In";};};{tm=1.133;["Right Arm"]={tm=.0340;cf=cfr(-.204,-.385,.242,.227,-.592,.773,.591,.715,.374,-.774,.372,.512);es="Linear";ed="In";};};{tm=1.167;["Handle"]={tm=0;cf=cfr(-1.041,-.573,-1.51,-.505,.391,-.769,-.298,.758,.581,.81,.522,-.266);es="Linear";ed="In";};["Right Arm"]={tm=0;cf=cfr(-.289,-.407,.243,.243,-.615,.75,.595,.706,.385,-.766,.352,.537);es="Linear";ed="In";};["Left Arm"]={tm=0;cf=cfr(.141,.245,.113,.55,.835,-.024,-.499,.306,-.811,-.67,.458,.585);es="Linear";ed="In";};};}