-- // converted using mech's animoduler
local cfr = CFrame.new

return {{tm=0;["Torso"]={tm=.033;cf=cfr(0,0,0,.707,.707,0,-.707,.707,0,0,0,1);es="Linear";ed="In";};["Handle"]={tm=.033;cf=cfr(-1.264,-.183,-2.004,-.707,.005,-.707,0,1,.007,.707,.005,-.707);es="Linear";ed="In";};["Hammer"]={tm=.033;cf=cfr(0,.019,-.011,1,0,0,0,.393,.92,0,-.92,.393);es="Linear";ed="In";};["Frizzen"]={tm=.033;cf=cfr(0,0,0,1,0,0,0,.427,.904,0,-.904,.427);es="Linear";ed="In";};["Right Arm"]={tm=.033;cf=cfr(.233,-.194,.041,-.053,-.355,.933,.995,-.097,.02,.083,.93,.358);es="Linear";ed="In";};["Head"]={tm=.033;cf=cfr(0,0,0,.726,-.685,-.054,.682,.728,-.06,.081,.007,.997);es="Linear";ed="In";};["Left Arm"]={tm=.033;cf=cfr(-.428,.021,.039,-.121,.954,-.276,-.658,-.285,-.697,-.743,.097,.662);es="Linear";ed="In";};};{tm=.033;["Torso"]={tm=.1;cf=cfr(0,0,0,.707,.707,0,-.707,.707,0,0,0,1);es="Linear";ed="In";};["Handle"]={tm=.1;cf=cfr(-1.264,-.183,-2.004,-.707,.005,-.707,0,1,.007,.707,.005,-.707);es="Linear";ed="In";};["Hammer"]={tm=.1;cf=cfr(0,.019,-.011,1,0,0,0,.393,.92,0,-.92,.393);es="Linear";ed="In";};["Frizzen"]={tm=.034;cf=cfr(0,0,0,1,0,0,0,.427,.904,0,-.904,.427);es="Linear";ed="In";};["Right Arm"]={tm=.1;cf=cfr(.233,-.194,.041,-.053,-.355,.933,.995,-.097,.02,.083,.93,.358);es="Linear";ed="In";};["Head"]={tm=.1;cf=cfr(0,0,0,.726,-.685,-.054,.682,.728,-.06,.081,.007,.997);es="Linear";ed="In";};["Left Arm"]={tm=.1;cf=cfr(-.428,.021,.039,-.121,.954,-.276,-.658,-.285,-.697,-.743,.097,.662);es="Linear";ed="In";};};{tm=.067;["Frizzen"]={tm=.033;cf=cfr(0,0,0,1,0,0,0,.427,.904,0,-.904,.427);es="Linear";ed="In";};};{tm=.1;["Frizzen"]={tm=.033;cf=cfr(0,0,0,1,0,0,0,.751,.661,0,-.661,.751);es="Linear";ed="In";};};{tm=.133;["Torso"]={tm=.034;cf=cfr(0,0,0,.707,.707,0,-.707,.707,0,0,0,1);es="Linear";ed="In";};["Handle"]={tm=.034;cf=cfr(-1.264,-.183,-2.004,-.707,.005,-.707,0,1,.007,.707,.005,-.707);es="Linear";ed="In";};["Hammer"]={tm=.6;cf=cfr(0,0,0,1,0,0,0,.942,-.337,0,.337,.942);es="Linear";ed="In";};["Frizzen"]={tm=0;cf=cfr(0,0,0,1,0,0,0,1,0,0,0,1);es="Linear";ed="In";};["Right Arm"]={tm=.034;cf=cfr(.233,-.194,.041,-.053,-.355,.933,.995,-.097,.02,.083,.93,.358);es="Linear";ed="In";};["Head"]={tm=.034;cf=cfr(0,0,0,.726,-.685,-.054,.682,.728,-.06,.081,.007,.997);es="Linear";ed="In";};["Left Arm"]={tm=.034;cf=cfr(-.428,.021,.039,-.121,.954,-.276,-.658,-.285,-.697,-.743,.097,.662);es="Linear";ed="In";};};{tm=.167;["Torso"]={tm=.066;cf=cfr(0,0,0,.641,.767,0,-.763,.638,.107,.082,-.069,.994);es="Linear";ed="In";};["Right Arm"]={tm=.033;cf=cfr(.031,-.274,.308,-.045,-.278,.96,.989,-.15,.003,.144,.949,.282);es="Linear";ed="In";};["Head"]={tm=.066;cf=cfr(0,0,0,.729,-.684,.027,.676,.713,-.186,.108,.154,.982);es="Linear";ed="In";};["Handle"]={tm=.033;cf=cfr(-1.129,-.126,-1.608,-.646,.062,-.761,.037,.998,.05,.762,.004,-.647);es="Linear";ed="In";};["Left Arm"]={tm=.033;cf=cfr(-.187,-.124,-.087,-.297,.906,-.301,-.776,-.412,-.477,-.556,.092,.826);es="Linear";ed="In";};};{tm=.2;["Right Arm"]={tm=.033;cf=cfr(.031,-.301,.321,-.04,-.27,.962,.987,-.159,-.004,.154,.95,.273);es="Linear";ed="In";};["Handle"]={tm=.033;cf=cfr(-1.128,-.134,-1.587,-.639,.072,-.766,.047,.997,.055,.768,-.001,-.641);es="Linear";ed="In";};["Left Arm"]={tm=.033;cf=cfr(-.161,-.125,-.086,-.298,.91,-.29,-.795,-.404,-.452,-.528,.096,.844);es="Linear";ed="In";};};{tm=.233;["Torso"]={tm=.1999;cf=cfr(0,0,0,.621,.784,.002,-.78,.617,.108,.084,-.069,.994);es="Linear";ed="In";};["Right Arm"]={tm=.1;cf=cfr(.028,-.324,.329,-.027,-.263,.964,.986,-.165,-.017,.164,.951,.264);es="Linear";ed="In";};["Head"]={tm=.1999;cf=cfr(0,0,0,.73,-.683,.016,.669,.71,-.219,.139,.17,.976);es="Linear";ed="In";};["Handle"]={tm=.1;cf=cfr(-1.131,-.132,-1.568,-.632,.096,-.769,.067,.995,.068,.772,-.009,-.636);es="Linear";ed="In";};["Left Arm"]={tm=.1;cf=cfr(-.141,-.11,-.087,-.291,.916,-.277,-.822,-.388,-.416,-.489,.107,.866);es="Linear";ed="In";};};{tm=.333;["Right Arm"]={tm=.0999;cf=cfr(-.01,-.413,.333,.001,-.31,.951,.993,-.113,-.038,.119,.944,.307);es="Linear";ed="In";};["Handle"]={tm=.0999;cf=cfr(-1.066,-.28,-1.645,-.664,.129,-.737,.097,.992,.087,.741,-.014,-.671);es="Linear";ed="In";};["Left Arm"]={tm=.0999;cf=cfr(-.158,-.174,-.12,-.224,.94,-.256,-.867,-.313,-.389,-.445,.135,.885);es="Linear";ed="In";};};{tm=.433;["Torso"]={tm=.1669;cf=cfr(0,0,0,.662,.75,.003,-.747,.659,.086,.062,-.059,.996);es="Linear";ed="In";};["Right Arm"]={tm=.1000;cf=cfr(-.046,-.501,.341,.038,-.348,.937,.998,-.031,-.052,.047,.937,.346);es="Linear";ed="In";};["Head"]={tm=.1669;cf=cfr(0,0,0,.73,-.683,.003,.674,.72,-.166,.111,.123,.986);es="Linear";ed="In";};["Handle"]={tm=.1000;cf=cfr(-1.019,-.486,-1.709,-.692,.134,-.709,.111,.991,.08,.713,-.023,-.701);es="Linear";ed="In";};["Left Arm"]={tm=.1000;cf=cfr(-.166,-.283,-.141,-.154,.961,-.229,-.893,-.235,-.385,-.423,.145,.894);es="Linear";ed="In";};};{tm=.533;["Right Arm"]={tm=.0669;cf=cfr(-.159,-.479,.405,.091,-.491,.866,.946,.315,.079,-.312,.812,.493);es="Linear";ed="In";};["Handle"]={tm=.0669;cf=cfr(-.965,-.784,-1.851,-.674,.112,-.73,-.022,.985,.172,.738,.132,-.662);es="Linear";ed="In";};["Left Arm"]={tm=.0669;cf=cfr(-.208,-.153,-.095,.129,.987,-.097,-.689,.019,-.725,-.713,.161,.682);es="Linear";ed="In";};};{tm=.6;["Torso"]={tm=.133;cf=cfr(0,0,0,.729,.685,-.001,-.684,.729,.018,.013,-.013,1);es="Linear";ed="In";};["Right Arm"]={tm=.0670;cf=cfr(-.236,-.368,.423,.194,-.537,.821,.789,.582,.194,-.582,.61,.537);es="Linear";ed="In";};["Head"]={tm=.133;cf=cfr(0,0,0,.759,-.65,-.016,.649,.759,-.06,.052,.035,.998);es="Linear";ed="In";};["Handle"]={tm=.0670;cf=cfr(-.916,-.972,-1.783,-.597,.135,-.791,-.136,.954,.266,.791,.266,-.551);es="Linear";ed="In";};["Left Arm"]={tm=.0670;cf=cfr(-.198,-.044,-.009,.363,.929,.072,-.434,.237,-.869,-.825,.284,.489);es="Linear";ed="In";};};{tm=.667;["Right Arm"]={tm=.0659;cf=cfr(-.214,-.335,.271,.269,-.519,.811,.472,.805,.358,-.839,.287,.462);es="Linear";ed="In";};["Handle"]={tm=.0659;cf=cfr(-.986,-1.159,-1.573,-.465,.191,-.864,-.258,.905,.339,.847,.381,-.372);es="Linear";ed="In";};["Left Arm"]={tm=.0659;cf=cfr(-.128,.099,.179,.528,.779,.338,-.152,.479,-.865,-.835,.405,.372);es="Linear";ed="In";};};{tm=.733;["Torso"]={tm=0;cf=cfr(0,0,0,.757,.653,0,-.653,.757,0,0,0,1);es="Linear";ed="In";};["Handle"]={tm=0;cf=cfr(-.998,-1.234,-1.51,-.418,.215,-.882,-.308,.88,.361,.854,.423,-.302);es="Linear";ed="In";};["Hammer"]={tm=0;cf=cfr(0,0,0,1,0,0,0,.942,-.337,0,.337,.942);es="Linear";ed="In";};["Right Arm"]={tm=0;cf=cfr(-.182,-.361,.206,.281,-.522,.805,.378,.831,.407,-.882,.19,.431);es="Linear";ed="In";};["Head"]={tm=0;cf=cfr(0,0,0,.782,-.624,-.001,.624,.782,-.007,.006,.005,1);es="Linear";ed="In";};["Left Arm"]={tm=0;cf=cfr(-.151,.126,.206,.569,.706,.421,-.094,.564,-.82,-.817,.427,.388);es="Linear";ed="In";};};}