-- // converted using mech's animoduler
local cfr = CFrame.new

return {{tm=0;["Hammer"]={tm=1;cf=cfr(0,.019,-.011,1,0,0,0,.393,.92,0,-.92,.393);es="Linear";ed="In";};["Frizzen"]={tm=1;cf=cfr(0,0,0,1,0,0,0,.427,.904,0,-.904,.427);es="Linear";ed="In";};};{tm=1;["Hammer"]={tm=0;cf=cfr(0,.019,-.011,1,0,0,0,.393,.92,0,-.92,.393);es="Linear";ed="In";};["Frizzen"]={tm=0;cf=cfr(0,0,0,1,0,0,0,.427,.904,0,-.904,.427);es="Linear";ed="In";};};}