-- // converted using mech's animoduler
local cfr = CFrame.new

return {{tm=0;["Handle"]={tm=.167;cf=cfr(-1.041,-.573,-1.51,-.505,.391,-.769,-.298,.758,.581,.81,.522,-.266);es="Linear";ed="In";};["Hammer"]={tm=.233;cf=cfr(0,0,0,1,0,0,0,1,0,0,0,1);es="Linear";ed="In";};["Frizzen"]={tm=.233;cf=cfr(0,0,0,1,0,0,0,.427,.904,0,-.904,.427);es="Linear";ed="In";};["Right Arm"]={tm=.1;cf=cfr(-.289,-.407,.243,.243,-.615,.75,.595,.706,.385,-.766,.352,.537);es="Linear";ed="In";};["Left Arm"]={tm=.167;cf=cfr(.141,.245,.113,.55,.835,-.024,-.499,.306,-.811,-.67,.458,.585);es="Linear";ed="In";};};{tm=.1;["Right Arm"]={tm=.067;cf=cfr(-.206,-.223,.421,-.184,-.542,.82,.969,.039,.243,-.164,.84,.518);es="Linear";ed="In";};};{tm=.167;["Right Arm"]={tm=.066;cf=cfr(.108,-.136,.249,-.206,-.429,.879,.977,-.136,.163,.05,.893,.448);es="Linear";ed="In";};["Left Arm"]={tm=.066;cf=cfr(.259,.234,.321,.359,.895,.266,-.256,.368,-.894,-.898,.253,.361);es="Linear";ed="In";};["Handle"]={tm=.066;cf=cfr(-1.546,-.853,-1.214,-.163,.339,-.926,-.227,.901,.37,.96,.271,-.07);es="Linear";ed="In";};};{tm=.233;["Sound"]="HammerPull";["Handle"]={tm=.1339;cf=cfr(-1.579,-.945,-1.152,-.114,.319,-.941,-.187,.923,.335,.976,.215,-.045);es="Linear";ed="In";};["Hammer"]={tm=.1339;cf=cfr(0,0,0,1,0,0,0,1,0,0,0,1);es="Linear";ed="In";};["Frizzen"]={tm=0;cf=cfr(0,0,0,1,0,0,0,.427,.904,0,-.904,.427);es="Linear";ed="In";};["Right Arm"]={tm=.1339;cf=cfr(.175,-.1,.18,-.162,-.412,.897,.987,-.077,.143,.01,.908,.419);es="Linear";ed="In";};["Left Arm"]={tm=.1339;cf=cfr(.259,.217,.33,.33,.888,.322,-.209,.401,-.892,-.921,.227,.318);es="Linear";ed="In";};};{tm=.367;["Handle"]={tm=.066;cf=cfr(-1.442,-.923,-1.189,-.197,.363,-.911,-.181,.9,.397,.964,.243,-.111);es="Linear";ed="In";};["Hammer"]={tm=0;cf=cfr(0,.019,-.011,1,0,0,0,.393,.92,0,-.92,.393);es="Linear";ed="In";};["Right Arm"]={tm=.066;cf=cfr(.025,-.123,.461,-.133,-.502,.854,.961,.144,.235,-.241,.852,.464);es="Linear";ed="In";};["Left Arm"]={tm=.066;cf=cfr(.243,.217,.219,.394,.871,.292,-.271,.414,-.869,-.878,.263,.399);es="Linear";ed="In";};};{tm=.433;["Right Arm"]={tm=.067;cf=cfr(-.075,-.214,.504,-.167,-.538,.826,.936,.176,.304,-.309,.824,.474);es="Linear";ed="In";};["Left Arm"]={tm=.0340;cf=cfr(.243,.217,.18,.433,.864,.255,-.306,.407,-.86,-.848,.295,.441);es="Linear";ed="In";};["Handle"]={tm=.0340;cf=cfr(-1.365,-.891,-1.219,-.252,.379,-.891,-.191,.883,.429,.949,.278,-.15);es="Linear";ed="In";};};{tm=.467;["Left Arm"]={tm=.1329;cf=cfr(.225,.221,.168,.467,.856,.22,-.34,.403,-.85,-.816,.322,.479);es="Linear";ed="In";};["Handle"]={tm=.1329;cf=cfr(-1.31,-.858,-1.254,-.302,.392,-.869,-.197,.866,.46,.933,.31,-.184);es="Linear";ed="In";};};{tm=.5;["Right Arm"]={tm=.0999;cf=cfr(-.242,-.208,.497,-.043,-.604,.796,.818,.436,.376,-.574,.667,.475);es="Linear";ed="In";};};{tm=.6;["Right Arm"]={tm=.0330;cf=cfr(-.267,-.347,.321,.227,-.603,.765,.628,.691,.358,-.745,.399,.535);es="Linear";ed="In";};["Left Arm"]={tm=.0330;cf=cfr(.15,.238,.119,.549,.836,0,-.485,.318,-.814,-.681,.447,.58);es="Linear";ed="In";};["Handle"]={tm=.0330;cf=cfr(-1.061,-.61,-1.478,-.491,.395,-.777,-.286,.769,.571,.823,.502,-.265);es="Linear";ed="In";};};{tm=.633;["Right Arm"]={tm=0;cf=cfr(-.289,-.407,.243,.243,-.615,.75,.595,.706,.385,-.766,.352,.537);es="Linear";ed="In";};["Left Arm"]={tm=0;cf=cfr(.141,.245,.113,.55,.835,-.024,-.499,.306,-.811,-.67,.458,.585);es="Linear";ed="In";};["Handle"]={tm=0;cf=cfr(-1.041,-.573,-1.51,-.505,.391,-.769,-.298,.758,.581,.81,.522,-.266);es="Linear";ed="In";};};}