-- // converted using mech's animoduler
local cfr = CFrame.new

return {{tm=0;["Torso"]={tm=2.933;cf=cfr(0,0,0,.757,.653,0,-.653,.757,0,0,0,1);es="Linear";ed="In";};["Handle"]={tm=.167;cf=cfr(-.998,-1.234,-1.51,-.418,.215,-.882,-.308,.88,.361,.854,.423,-.302);es="Linear";ed="In";};["Hammer"]={tm=.1;cf=cfr(0,0,0,1,0,0,0,.942,-.337,0,.337,.942);es="Linear";ed="In";};["Frizzen"]={tm=.167;cf=cfr(0,0,0,1,0,0,0,1,0,0,0,1);es="Linear";ed="In";};["Right Arm"]={tm=.1;cf=cfr(-.182,-.361,.206,.281,-.522,.805,.378,.831,.407,-.882,.19,.431);es="Linear";ed="In";};["Head"]={tm=.167;cf=cfr(0,0,0,.782,-.624,-.001,.624,.782,-.007,.006,.005,1);es="Linear";ed="In";};["Left Arm"]={tm=.167;cf=cfr(-.151,.126,.206,.569,.706,.421,-.094,.564,-.82,-.817,.427,.388);es="Linear";ed="In";};};{tm=.1;["Right Arm"]={tm=.033;cf=cfr(.046,-.187,.482,-.314,-.333,.889,.874,.265,.407,-.371,.905,.208);es="Linear";ed="In";};["Hammer"]={tm=.067;cf=cfr(0,0,0,1,0,0,0,.942,-.337,0,.337,.942);es="Linear";ed="In";};};{tm=.133;["Right Arm"]={tm=.034;cf=cfr(.068,-.201,.454,-.338,-.308,.889,.891,.199,.407,-.303,.93,.207);es="Linear";ed="In";};};{tm=.167;["Sound"]="HammerPull";["Handle"]={tm=.1;cf=cfr(-1.001,-1.249,-1.517,-.418,.211,-.884,-.308,.882,.356,.854,.421,-.304);es="Linear";ed="In";};["Hammer"]={tm=.1;cf=cfr(0,0,0,1,0,0,0,.942,-.337,0,.337,.942);es="Linear";ed="In";};["Frizzen"]={tm=2.6;cf=cfr(0,0,0,1,0,0,0,1,0,0,0,1);es="Linear";ed="In";};["Right Arm"]={tm=.1;cf=cfr(.09,-.216,.426,-.343,-.302,.889,.894,.185,.408,-.288,.935,.207);es="Linear";ed="In";};["Head"]={tm=.166;cf=cfr(0,0,0,.947,-.302,.108,.32,.884,-.34,.007,.357,.934);es="Linear";ed="In";};["Left Arm"]={tm=.1;cf=cfr(-.157,.112,.21,.568,.707,.422,-.091,.564,-.821,-.818,.428,.385);es="Linear";ed="In";};};{tm=.267;["Handle"]={tm=.066;cf=cfr(-.996,-1.228,-1.507,-.418,.222,-.881,-.308,.877,.368,.854,.425,-.299);es="Linear";ed="In";};["Hammer"]={tm=0;cf=cfr(0,.013,-.002,1,0,0,0,.831,.557,0,-.557,.831);es="Linear";ed="In";};["Right Arm"]={tm=.066;cf=cfr(-.06,-.13,.624,-.287,-.356,.889,.852,.33,.407,-.438,.875,.208);es="Linear";ed="In";};["Left Arm"]={tm=.066;cf=cfr(-.144,.125,.185,.573,.704,.419,-.096,.566,-.819,-.814,.429,.392);es="Linear";ed="In";};};{tm=.333;["Right Arm"]={tm=.134;cf=cfr(-.062,-.146,.642,-.247,-.416,.875,.814,.401,.42,-.526,.816,.24);es="Linear";ed="In";};["Head"]={tm=.2339;cf=cfr(0,0,0,.97,-.226,.09,.243,.907,-.345,-.004,.356,.934);es="Linear";ed="In";};["Handle"]={tm=.3;cf=cfr(-.995,-1.223,-1.504,-.418,.224,-.88,-.308,.876,.37,.854,.426,-.298);es="Linear";ed="In";};["Left Arm"]={tm=.3;cf=cfr(-.143,.129,.182,.573,.705,.418,-.099,.566,-.818,-.814,.427,.394);es="Linear";ed="In";};};{tm=.467;["Right Arm"]={tm=.0999;cf=cfr(-.243,-.001,.008,.722,-.619,.31,.594,.783,.181,-.355,.053,.933);es="Linear";ed="In";};};{tm=.567;["Right Arm"]={tm=.0660;cf=cfr(-.356,.025,-.107,.914,-.112,-.389,.057,.987,-.151,.401,.116,.909);es="Linear";ed="In";};["Head"]={tm=.2330;cf=cfr(0,0,0,.893,.449,-.018,-.434,.851,-.295,-.117,.271,.955);es="Linear";ed="In";};};{tm=.6;["Sound"]="Search";};{tm=.633;["Right Arm"]={tm=.0999;cf=cfr(-.343,-.035,-.127,.914,-.185,-.36,.057,.94,-.337,.401,.288,.87);es="Linear";ed="In";};["Handle"]={tm=.1670;cf=cfr(-1.167,-1.323,-1.417,-.283,.262,-.923,-.249,.909,.334,.926,.324,-.192);es="Linear";ed="In";};["Left Arm"]={tm=.1670;cf=cfr(-.146,.125,.192,.466,.709,.529,-.034,.612,-.79,-.884,.35,.309);es="Linear";ed="In";};};{tm=.733;["Right Arm"]={tm=.0670;cf=cfr(-.354,.013,-.11,.911,-.217,-.349,.07,.919,-.388,.405,.329,.853);es="Linear";ed="In";};};{tm=.8;["HandCart"]="";["Right Arm"]={tm=.0999;cf=cfr(-.402,.084,-.101,.923,-.262,-.283,.152,.922,-.356,.354,.285,.891);es="Linear";ed="In";};["Head"]={tm=.1669;cf=cfr(0,0,0,.886,.463,-.013,-.445,.842,-.305,-.13,.276,.952);es="Linear";ed="In";};["Handle"]={tm=.0999;cf=cfr(-1.178,-1.322,-1.418,-.278,.265,-.923,-.249,.908,.336,.928,.323,-.186);es="Linear";ed="In";};["Left Arm"]={tm=.0999;cf=cfr(-.144,.126,.192,.457,.714,.531,-.038,.612,-.79,-.889,.341,.307);es="Linear";ed="In";};};{tm=.9;["Right Arm"]={tm=.0669;cf=cfr(-.475,.19,-.089,.932,-.278,-.233,.258,.96,-.112,.254,.044,.966);es="Linear";ed="In";};["Handle"]={tm=.0669;cf=cfr(-1.198,-1.319,-1.422,-.27,.273,-.923,-.25,.906,.341,.93,.323,-.176);es="Linear";ed="In";};["Left Arm"]={tm=.0669;cf=cfr(-.145,.125,.191,.45,.718,.532,-.042,.612,-.79,-.892,.333,.305);es="Linear";ed="In";};};{tm=.967;["Right Arm"]={tm=.0999;cf=cfr(-.391,.073,-.11,.889,-.391,-.237,.39,.919,-.051,.238,-.047,.97);es="Linear";ed="In";};["Head"]={tm=.2000;cf=cfr(0,0,0,.917,.399,-.016,-.388,.879,-.277,-.096,.26,.961);es="Linear";ed="In";};["Handle"]={tm=.3330;cf=cfr(-1.215,-1.31,-1.432,-.267,.281,-.922,-.254,.902,.348,.93,.327,-.17);es="Linear";ed="In";};["Left Arm"]={tm=.3330;cf=cfr(-.147,.125,.193,.448,.722,.528,-.049,.61,-.791,-.893,.328,.309);es="Linear";ed="In";};};{tm=1.067;["Right Arm"]={tm=.1000;cf=cfr(-.263,-.105,.11,.45,-.839,.304,.835,.275,-.477,.317,.469,.824);es="Linear";ed="In";};};{tm=1.167;["Right Arm"]={tm=.0329;cf=cfr(-.113,-.27,.105,.091,-.564,.821,.86,-.372,-.35,.503,.738,.451);es="Linear";ed="In";};["Head"]={tm=.0329;cf=cfr(-.001,0,0,.944,.328,-.017,-.326,.928,-.18,-.044,.176,.983);es="Linear";ed="In";};};{tm=1.2;["Right Arm"]={tm=.1000;cf=cfr(-.104,-.293,.081,.076,-.552,.83,.853,-.395,-.341,.517,.734,.441);es="Linear";ed="In";};["Head"]={tm=.1000;cf=cfr(-.001,0,0,.944,.329,-.023,-.327,.928,-.178,-.037,.176,.984);es="Linear";ed="In";};};{tm=1.3;["Right Arm"]={tm=.0999;cf=cfr(-.036,-.354,.108,.05,-.506,.861,.833,-.455,-.316,.552,.733,.399);es="Linear";ed="In";};["Head"]={tm=.0999;cf=cfr(-.001,0,0,.915,.404,-.023,-.401,.898,-.178,-.052,.172,.984);es="Linear";ed="In";};["Handle"]={tm=.133;cf=cfr(-1.235,-1.297,-1.447,-.262,.289,-.921,-.263,.897,.356,.929,.335,-.159);es="Linear";ed="In";};["Left Arm"]={tm=.133;cf=cfr(-.144,.124,.193,.441,.73,.522,-.059,.603,-.795,-.896,.32,.309);es="Linear";ed="In";};};{tm=1.333;["Sound"]="Tear";};{tm=1.4;["Right Arm"]={tm=.0670;cf=cfr(-.036,-.354,.108,-.04,-.773,.633,.888,-.317,-.332,.457,.549,.7);es="Linear";ed="In";};["Head"]={tm=.0670;cf=cfr(-.001,.001,0,.883,-.47,-.006,.47,.882,.048,-.017,-.046,.999);es="Linear";ed="In";};};{tm=1.433;["Handle"]={tm=.1670;cf=cfr(-1.27,-1.288,-1.455,-.25,.302,-.92,-.266,.892,.366,.931,.336,-.143);es="Linear";ed="In";};["Left Arm"]={tm=.1670;cf=cfr(-.147,.124,.196,.429,.738,.522,-.069,.602,-.795,-.901,.305,.309);es="Linear";ed="In";};};{tm=1.467;["Right Arm"]={tm=.1999;cf=cfr(-.036,-.354,.108,-.013,-.836,.548,.886,-.264,-.382,.464,.481,.744);es="Linear";ed="In";};["Head"]={tm=.0999;cf=cfr(-.001,.001,0,.774,-.633,-.025,.633,.771,.072,-.026,-.072,.997);es="Linear";ed="In";};};{tm=1.567;["Head"]={tm=.1000;cf=cfr(-.001,.001,0,.693,-.721,-.031,.721,.691,.052,-.016,-.058,.998);es="Linear";ed="In";};};{tm=1.6;["Handle"]={tm=.2999;cf=cfr(-1.251,-1.309,-1.434,-.25,.292,-.923,-.255,.9,.354,.934,.324,-.151);es="Linear";ed="In";};["Left Arm"]={tm=.2999;cf=cfr(-.145,.123,.194,.432,.728,.532,-.054,.61,-.791,-.9,.312,.303);es="Linear";ed="In";};};{tm=1.633;["Sound"]="SpitPaper";};{tm=1.667;["Right Arm"]={tm=.2329;cf=cfr(-.036,-.354,.108,.07,-.879,.472,.945,-.094,-.315,.321,.467,.824);es="Linear";ed="In";};["Head"]={tm=.0999;cf=cfr(-.001,.001,0,.564,-.817,.118,.824,.547,-.15,.058,.182,.982);es="Linear";ed="In";};};{tm=1.767;["Head"]={tm=.2330;cf=cfr(-.001,.001,0,.579,-.801,.15,.813,.556,-.172,.055,.221,.974);es="Linear";ed="In";};};{tm=1.9;["Right Arm"]={tm=.1000;cf=cfr(.256,-.546,.15,-.079,-.722,.687,.757,.405,.513,-.648,.561,.515);es="Linear";ed="In";};["Handle"]={tm=.633;cf=cfr(-1.25,-1.314,-1.428,-.245,.29,-.925,-.253,.902,.349,.936,.319,-.148);es="Linear";ed="In";};["Left Arm"]={tm=.633;cf=cfr(-.145,.123,.194,.427,.728,.536,-.049,.611,-.79,-.903,.311,.297);es="Linear";ed="In";};};{tm=2;["Right Arm"]={tm=.2669;cf=cfr(.256,-.546,.15,-.091,-.716,.692,.73,.424,.535,-.677,.554,.484);es="Linear";ed="In";};["Head"]={tm=.0670;cf=cfr(-.001,.001,0,.938,-.319,.139,.348,.862,-.369,-.002,.395,.919);es="Linear";ed="In";};};{tm=2.067;["Head"]={tm=.5329;cf=cfr(-.001,.001,0,.944,-.298,.143,.33,.863,-.381,-.01,.407,.913);es="Linear";ed="In";};};{tm=2.133;["Sound"]="Pour";};{tm=2.267;["Right Arm"]={tm=.1000;cf=cfr(.255,-.508,.164,-.285,-.757,.588,.551,.373,.747,-.784,.537,.311);es="Linear";ed="In";};};{tm=2.367;["Right Arm"]={tm=.0329;cf=cfr(.255,-.508,.164,-.271,-.755,.597,.566,.377,.733,-.779,.536,.326);es="Linear";ed="In";};};{tm=2.4;["Right Arm"]={tm=.133;cf=cfr(.256,-.508,.164,-.266,-.755,.599,.571,.377,.729,-.776,.536,.331);es="Linear";ed="In";};};{tm=2.533;["Right Arm"]={tm=.1339;cf=cfr(.255,-.508,.164,-.299,-.759,.578,.538,.366,.759,-.788,.538,.299);es="Linear";ed="In";};["Handle"]={tm=.2339;cf=cfr(-1.247,-1.307,-1.44,-.249,.287,-.925,-.264,.899,.35,.932,.332,-.147);es="Linear";ed="In";};["Left Arm"]={tm=.2339;cf=cfr(-.14,.112,.197,.43,.734,.526,-.053,.602,-.797,-.901,.315,.298);es="Linear";ed="In";};};{tm=2.6;["Head"]={tm=.1669;cf=cfr(-.001,.001,0,.947,-.285,.147,.32,.862,-.393,-.015,.419,.908);es="Linear";ed="In";};};{tm=2.667;["Right Arm"]={tm=.1000;cf=cfr(.174,-.487,.143,-.389,-.71,.587,.595,.292,.749,-.703,.641,.309);es="Linear";ed="In";};};{tm=2.767;["Right Arm"]={tm=.0329;cf=cfr(.223,-.512,.096,-.434,-.656,.618,.625,.275,.731,-.65,.703,.29);es="Linear";ed="In";};["Head"]={tm=.0329;cf=cfr(-.001,.001,0,.94,-.308,.147,.341,.854,-.393,-.005,.42,.908);es="Linear";ed="In";};["Handle"]={tm=.0329;cf=cfr(-1.254,-1.298,-1.439,-.249,.294,-.923,-.264,.896,.357,.932,.333,-.145);es="Linear";ed="In";};["Frizzen"]={tm=.0329;cf=cfr(0,0,0,1,0,0,0,1,0,0,0,1);es="Linear";ed="In";};["Left Arm"]={tm=.0329;cf=cfr(-.137,.118,.191,.426,.737,.525,-.062,.602,-.796,-.902,.307,.302);es="Linear";ed="In";};};{tm=2.8;["Right Arm"]={tm=.1000;cf=cfr(.223,-.512,.096,-.434,-.649,.625,.625,.283,.728,-.65,.706,.283);es="Linear";ed="In";};["Head"]={tm=.133;cf=cfr(-.001,.001,0,.94,-.308,.147,.341,.854,-.393,-.005,.42,.908);es="Linear";ed="In";};["Handle"]={tm=.1000;cf=cfr(-1.254,-1.298,-1.439,-.249,.294,-.923,-.264,.896,.357,.932,.333,-.145);es="Linear";ed="In";};["Frizzen"]={tm=.1000;cf=cfr(0,0,0,1,0,0,0,1,0,0,0,1);es="Linear";ed="In";};["Left Arm"]={tm=.1000;cf=cfr(-.136,.119,.192,.426,.737,.525,-.062,.602,-.796,-.903,.307,.302);es="Linear";ed="In";};};{tm=2.833;["Sound"]="Frizzen";};{tm=2.9;["Right Arm"]={tm=.0329;cf=cfr(.179,-.556,.304,-.443,-.643,.625,.629,.274,.728,-.639,.715,.283);es="Linear";ed="In";};["Handle"]={tm=.0329;cf=cfr(-1.247,-1.292,-1.435,-.253,.3,-.92,-.262,.894,.364,.931,.334,-.148);es="Linear";ed="In";};["Frizzen"]={tm=.0329;cf=cfr(0,0,0,1,0,0,0,.663,.748,0,-.748,.663);es="Linear";ed="In";};["Left Arm"]={tm=.0329;cf=cfr(-.132,.125,.178,.426,.738,.524,-.072,.604,-.793,-.902,.3,.31);es="Linear";ed="In";};};{tm=2.933;["Torso"]={tm=.2000;cf=cfr(0,0,0,.757,.653,0,-.653,.757,0,0,0,1);es="Linear";ed="In";};["Right Arm"]={tm=.1340;cf=cfr(.171,-.552,.313,-.438,-.647,.625,.626,.279,.728,-.645,.71,.283);es="Linear";ed="In";};["Head"]={tm=.2000;cf=cfr(-.001,.001,0,.944,-.294,.147,.329,.859,-.393,-.011,.42,.908);es="Linear";ed="In";};["Handle"]={tm=.1340;cf=cfr(-1.246,-1.29,-1.434,-.253,.305,-.918,-.262,.892,.369,.931,.334,-.146);es="Linear";ed="In";};["Frizzen"]={tm=0;cf=cfr(0,0,0,1,0,0,0,.663,.748,0,-.748,.663);es="Linear";ed="In";};["Left Arm"]={tm=.1340;cf=cfr(-.131,.124,.169,.428,.737,.523,-.074,.605,-.793,-.901,.301,.313);es="Linear";ed="In";};};{tm=3.067;["Right Arm"]={tm=.0999;cf=cfr(.343,-.424,-.136,-.028,-.539,.842,.897,.359,.259,-.442,.762,.474);es="Linear";ed="In";};["Handle"]={tm=.0659;cf=cfr(-1.472,-1.158,-1.497,-.454,.476,-.753,-.282,.725,.628,.845,.498,-.195);es="Linear";ed="In";};["Left Arm"]={tm=.0659;cf=cfr(-.015,.064,.104,.495,.774,.394,-.43,.612,-.663,-.755,.159,.637);es="Linear";ed="In";};};{tm=3.133;["Torso"]={tm=0;cf=cfr(0,0,0,.845,.535,0,-.535,.845,0,0,0,1);es="Linear";ed="In";};["Head"]={tm=.2000;cf=cfr(-.002,.001,0,.75,-.638,.173,.661,.712,-.239,.03,.293,.956);es="Linear";ed="In";};["Handle"]={tm=.0339;cf=cfr(-1.663,-.934,-1.568,-.551,.615,-.564,-.161,.584,.796,.819,.529,-.222);es="Linear";ed="In";};["Left Arm"]={tm=.0339;cf=cfr(.047,.037,.067,.504,.804,.316,-.678,.595,-.432,-.535,.003,.845);es="Linear";ed="In";};};{tm=3.167;["Right Arm"]={tm=.0660;cf=cfr(.785,-.328,-1.142,.201,-.475,.857,.964,.253,-.086,-.176,.843,.508);es="Linear";ed="In";};["Handle"]={tm=.0330;cf=cfr(-1.775,-.922,-1.421,-.359,.791,-.494,.061,.549,.834,.931,.27,-.245);es="Linear";ed="In";};["Left Arm"]={tm=.0660;cf=cfr(.038,.04,.067,.564,.785,.256,-.707,.619,-.342,-.427,.012,.904);es="Linear";ed="In";};};{tm=3.2;["Handle"]={tm=.0329;cf=cfr(-1.891,-.875,-1.169,-.059,.931,-.36,.206,.364,.908,.977,-.02,-.213);es="Linear";ed="In";};};{tm=3.233;["Right Arm"]={tm=.0669;cf=cfr(.66,-.345,-1.158,.254,-.355,.9,.959,.215,-.186,-.127,.91,.395);es="Linear";ed="In";};["Handle"]={tm=.0339;cf=cfr(-1.932,-.776,-.885,.256,.92,-.295,.307,.212,.928,.917,-.328,-.228);es="Linear";ed="In";};["Left Arm"]={tm=.0669;cf=cfr(.095,.064,.053,.618,.749,.24,-.73,.659,-.18,-.293,-.064,.954);es="Linear";ed="In";};};{tm=3.267;["Handle"]={tm=.0329;cf=cfr(-1.885,-.655,-.627,.55,.802,-.236,.351,.034,.936,.758,-.597,-.262);es="Linear";ed="In";};};{tm=3.3;["Right Arm"]={tm=.133;cf=cfr(.638,-.398,-1.207,.334,-.289,.897,.939,.181,-.291,-.078,.94,.332);es="Linear";ed="In";};["Handle"]={tm=.0330;cf=cfr(-1.771,-.529,-.399,.786,.588,-.188,.334,-.148,.931,.52,-.795,-.313);es="Linear";ed="In";};["Left Arm"]={tm=.0670;cf=cfr(-.001,.07,.06,-.089,.918,.386,-.988,-.033,-.149,-.124,-.394,.91);es="Linear";ed="In";};};{tm=3.333;["Head"]={tm=.1999;cf=cfr(-.002,.001,0,.836,-.549,.009,.549,.835,-.016,.001,.018,1);es="Linear";ed="In";};["Handle"]={tm=.0339;cf=cfr(-1.61,-.508,-.351,.896,.42,-.142,.256,-.229,.939,.362,-.878,-.313);es="Linear";ed="In";};};{tm=3.367;["Handle"]={tm=.0329;cf=cfr(-1.436,-.48,-.294,.968,.232,-.096,.164,-.292,.942,.19,-.928,-.32);es="Linear";ed="In";};["Left Arm"]={tm=.0659;cf=cfr(-.328,.228,.111,-.536,.814,.224,-.842,-.536,-.064,.068,-.223,.972);es="Linear";ed="In";};};{tm=3.4;["Handle"]={tm=.0329;cf=cfr(-1.235,-.46,-.273,.998,.032,-.052,.06,-.335,.94,.013,-.942,-.336);es="Linear";ed="In";};};{tm=3.433;["Right Arm"]={tm=.0340;cf=cfr(.699,-.395,-.993,.425,-.292,.857,.904,.087,-.419,.048,.953,.301);es="Linear";ed="In";};["Handle"]={tm=.0340;cf=cfr(-1.006,-.45,-.292,.985,-.17,-.012,-.05,-.356,.933,-.163,-.919,-.359);es="Linear";ed="In";};["Left Arm"]={tm=.0340;cf=cfr(-.519,.373,.06,-.408,.9,.154,-.898,-.426,.108,.162,-.094,.982);es="Linear";ed="In";};};{tm=3.467;["Right Arm"]={tm=.0329;cf=cfr(.723,-.36,-.928,.447,-.294,.845,.891,.063,-.449,.079,.954,.29);es="Linear";ed="In";};["Handle"]={tm=.0659;cf=cfr(-.997,-.478,-.264,.992,-.126,.032,-.076,-.363,.929,-.105,-.923,-.369);es="Linear";ed="In";};["Left Arm"]={tm=.0659;cf=cfr(-.444,.366,.001,-.385,.919,.086,-.911,-.394,.124,.148,-.031,.989);es="Linear";ed="In";};};{tm=3.5;["Right Arm"]={tm=.1000;cf=cfr(.808,-.274,-.835,.278,-.478,.833,.951,.014,-.309,.136,.878,.459);es="Linear";ed="In";};};{tm=3.533;["Head"]={tm=.2339;cf=cfr(-.001,.001,0,.905,-.422,-.049,.425,.898,.118,-.006,-.127,.992);es="Linear";ed="In";};["Handle"]={tm=.0670;cf=cfr(-1.062,-.755,-.198,.997,-.06,.054,-.073,-.397,.915,-.033,-.916,-.4);es="Linear";ed="In";};["Left Arm"]={tm=.1000;cf=cfr(-.26,.324,-.007,-.189,.981,.032,-.972,-.191,.134,.138,-.006,.99);es="Linear";ed="In";};};{tm=3.6;["Right Arm"]={tm=.1669;cf=cfr(.84,-.033,-.411,-.202,-.699,.686,.935,-.347,-.079,.293,.625,.723);es="Linear";ed="In";};["Handle"]={tm=.0669;cf=cfr(-1.138,-1.074,.074,.997,.03,.071,-.051,-.434,.899,.058,-.9,-.431);es="Linear";ed="In";};};{tm=3.633;["Left Arm"]={tm=.0339;cf=cfr(.069,.066,-.03,.095,.995,.013,-.986,.092,.141,.139,-.026,.99);es="Linear";ed="In";};};{tm=3.667;["Handle"]={tm=.1000;cf=cfr(-1.002,-1.392,.365,.988,-.132,.079,-.131,-.452,.882,-.081,-.882,-.464);es="Linear";ed="In";};["Left Arm"]={tm=.1000;cf=cfr(.178,-.02,-.038,.171,.985,.001,-.975,.169,.142,.139,-.025,.99);es="Linear";ed="In";};};{tm=3.767;["Right Arm"]={tm=.0329;cf=cfr(1.062,.366,-.699,-.624,-.709,-.328,.183,-.541,.821,-.76,.452,.468);es="Linear";ed="In";};["Head"]={tm=.1000;cf=cfr(-.001,.001,0,.949,-.314,.006,.314,.949,.014,-.01,-.011,1);es="Linear";ed="In";};["Handle"]={tm=.1000;cf=cfr(-1.009,-1.839,.76,.997,-.037,.067,-.077,-.49,.868,.001,-.871,-.491);es="Linear";ed="In";};["Left Arm"]={tm=.1000;cf=cfr(.472,-.278,-.061,.471,.881,-.045,-.873,.473,.122,.129,-.018,.992);es="Linear";ed="In";};};{tm=3.8;["Right Arm"]={tm=.0670;cf=cfr(1.08,.347,-.75,-.619,-.728,-.295,.197,-.508,.839,-.76,.461,.458);es="Linear";ed="In";};};{tm=3.867;["Right Arm"]={tm=.1000;cf=cfr(1.058,.315,-.782,-.611,-.759,-.228,.224,-.441,.869,-.76,.48,.439);es="Linear";ed="In";};["Head"]={tm=.1000;cf=cfr(-.001,.001,0,.949,-.314,.014,.314,.949,-.009,-.01,.013,1);es="Linear";ed="In";};["Handle"]={tm=.1000;cf=cfr(-1.007,-1.823,.896,.997,-.038,.067,-.077,-.544,.835,.005,-.838,-.546);es="Linear";ed="In";};["Left Arm"]={tm=.1000;cf=cfr(.53,-.294,-.061,.523,.851,-.052,-.843,.525,.119,.129,-.018,.992);es="Linear";ed="In";};};{tm=3.9;["HandCartOff"]="";};{tm=3.967;["Right Arm"]={tm=0;cf=cfr(1.048,.32,-.777,-.61,-.77,-.187,.225,-.395,.891,-.76,.501,.414);es="Linear";ed="In";};["Head"]={tm=0;cf=cfr(-.001,.001,0,.949,-.313,.028,.314,.948,-.053,-.01,.059,.998);es="Linear";ed="In";};["Handle"]={tm=0;cf=cfr(-1.007,-1.848,.924,.997,-.038,.067,-.077,-.55,.832,.005,-.835,-.551);es="Linear";ed="In";};["Left Arm"]={tm=0;cf=cfr(.548,-.321,-.059,.528,.847,-.053,-.839,.53,.118,.128,-.018,.992);es="Linear";ed="In";};};}