-- // converted using mech's animoduler
local cfr = CFrame.new

return {{tm=0;["Right Arm"]={tm=.1;cf=cfr(1.048,.32,-.777,-.61,-.77,-.187,.225,-.395,.891,-.76,.501,.414);es="Linear";ed="In";};["Left Arm"]={tm=.1;cf=cfr(.548,-.321,-.059,.528,.847,-.053,-.839,.53,.118,.128,-.018,.992);es="Linear";ed="In";};["Handle"]={tm=.1;cf=cfr(-1.007,-1.848,.924,.997,-.038,.067,-.077,-.55,.832,.005,-.835,-.551);es="Linear";ed="In";};["Head"]={tm=.1;cf=cfr(-.001,.001,0,.949,-.313,.028,.314,.948,-.053,-.01,.059,.998);es="Linear";ed="In";};};{tm=.1;["Right Arm"]={tm=.1;cf=cfr(1.086,.234,-.607,-.547,-.444,-.71,-.474,-.535,.699,-.69,.719,.082);es="Linear";ed="In";};["Left Arm"]={tm=.1;cf=cfr(.542,-.312,-.06,.528,.847,-.053,-.839,.53,.118,.128,-.018,.992);es="Linear";ed="In";};["Handle"]={tm=.1;cf=cfr(-1.008,-1.837,.92,.997,-.039,.067,-.077,-.55,.832,.005,-.835,-.551);es="Linear";ed="In";};["Head"]={tm=.1;cf=cfr(-.001,.001,0,.949,-.313,.028,.314,.948,-.053,-.01,.059,.998);es="Linear";ed="In";};};{tm=.2;["Right Arm"]={tm=.067;cf=cfr(1.103,.13,-.597,-.572,-.205,-.794,-.788,-.13,.602,-.227,.97,-.087);es="Linear";ed="In";};["Left Arm"]={tm=.067;cf=cfr(.526,-.311,-.06,.523,.851,-.052,-.842,.526,.119,.129,-.018,.992);es="Linear";ed="In";};["Handle"]={tm=.067;cf=cfr(-1.007,-1.837,.897,.997,-.038,.067,-.077,-.545,.835,.005,-.838,-.546);es="Linear";ed="In";};["Ramrod"]={tm=.067;cf=cfr(0,0,0,1,0,0,0,1,0,0,0,1);es="Linear";ed="In";};["Head"]={tm=.067;cf=cfr(-.001,.001,0,.945,-.325,.032,.327,.943,-.063,-.009,.07,.998);es="Linear";ed="In";};};{tm=.267;["Right Arm"]={tm=.066;cf=cfr(1.106,.113,-.599,-.58,-.207,-.788,-.784,-.123,.609,-.224,.97,-.091);es="Linear";ed="In";};["Left Arm"]={tm=.133;cf=cfr(.528,-.314,-.059,.53,.846,-.052,-.838,.532,.119,.128,-.019,.992);es="Linear";ed="In";};["Handle"]={tm=.133;cf=cfr(-1.007,-1.837,.911,.997,-.039,.067,-.077,-.551,.831,.004,-.833,-.553);es="Linear";ed="In";};["Ramrod"]={tm=.133;cf=cfr(0,0,0,1,0,0,0,1,0,0,0,1);es="Linear";ed="In";};["Head"]={tm=.0329;cf=cfr(-.001,.001,0,.945,-.325,.032,.327,.943,-.063,-.009,.07,.998);es="Linear";ed="In";};};{tm=.3;["Sound"]="TakeOut";["Head"]={tm=.2330;cf=cfr(-.001,.001,0,.941,-.336,.033,.337,.939,-.068,-.008,.075,.997);es="Linear";ed="In";};};{tm=.333;["Right Arm"]={tm=.067;cf=cfr(1.199,.393,-.734,-.407,-.444,-.798,-.77,-.303,.561,-.491,.843,-.219);es="Linear";ed="In";};};{tm=.4;["Right Arm"]={tm=.067;cf=cfr(1.28,.673,-.745,.034,-.523,-.851,-.489,-.752,.442,-.872,.402,-.281);es="Linear";ed="In";};["Left Arm"]={tm=.0999;cf=cfr(.516,-.305,-.061,.514,.856,-.052,-.848,.517,.119,.129,-.017,.992);es="Linear";ed="In";};["Handle"]={tm=.0999;cf=cfr(-1.005,-1.835,.871,.997,-.037,.067,-.076,-.536,.841,.005,-.844,-.537);es="Linear";ed="In";};["Ramrod"]={tm=.067;cf=cfr(0,0,1.302,1,0,0,0,1,0,0,0,1);es="Linear";ed="In";};};{tm=.467;["Right Arm"]={tm=.066;cf=cfr(1.303,.826,-.575,.111,-.512,-.851,-.372,-.816,.442,-.921,.268,-.281);es="Linear";ed="In";};["Ramrod"]={tm=.066;cf=cfr(0,0,1.776,1,0,0,0,1,0,0,0,1);es="Linear";ed="In";};};{tm=.5;["Left Arm"]={tm=.1670;cf=cfr(.51,-.303,-.062,.499,.865,-.052,-.857,.502,.119,.129,-.014,.992);es="Linear";ed="In";};["Handle"]={tm=.1670;cf=cfr(-1.004,-1.839,.838,.997,-.035,.068,-.076,-.521,.85,.006,-.853,-.522);es="Linear";ed="In";};};{tm=.533;["Right Arm"]={tm=.0669;cf=cfr(1.27,.707,-.565,.027,-.513,-.858,-.45,-.773,.448,-.893,.374,-.251);es="Linear";ed="In";};["Head"]={tm=.1999;cf=cfr(-.001,.001,0,.956,-.292,.019,.292,.956,-.026,-.01,.03,.999);es="Linear";ed="In";};["Ramrod"]={tm=.1999;cf=cfr(0,0,1.829,1,0,0,0,1,0,0,0,1);es="Linear";ed="In";};};{tm=.6;["Right Arm"]={tm=.0670;cf=cfr(1.206,.455,-.547,-.285,-.39,-.876,-.748,-.48,.457,-.599,.786,-.155);es="Linear";ed="In";};};{tm=.667;["Right Arm"]={tm=.0659;cf=cfr(1.141,.202,-.528,-.513,-.203,-.834,-.847,-.037,.53,-.139,.978,-.153);es="Linear";ed="In";};["Left Arm"]={tm=.0659;cf=cfr(.515,-.311,-.06,.51,.858,-.052,-.85,.513,.119,.129,-.016,.992);es="Linear";ed="In";};["Handle"]={tm=.0659;cf=cfr(-1.005,-1.843,.862,.997,-.036,.067,-.076,-.532,.843,.005,-.846,-.533);es="Linear";ed="In";};};{tm=.733;["Right Arm"]={tm=.134;cf=cfr(1.151,.192,-.529,-.525,-.191,-.829,-.843,-.018,.538,-.118,.981,-.152);es="Linear";ed="In";};["Left Arm"]={tm=.2339;cf=cfr(.518,-.316,-.06,.518,.853,-.052,-.845,.521,.119,.129,-.017,.992);es="Linear";ed="In";};["Handle"]={tm=.2339;cf=cfr(-1.007,-1.844,.88,.997,-.037,.067,-.077,-.54,.838,.005,-.841,-.541);es="Linear";ed="In";};["Ramrod"]={tm=.0999;cf=cfr(0,0,1.788,1,0,0,0,1,0,0,0,1);es="Linear";ed="In";};["Head"]={tm=.267;cf=cfr(-.001,.001,0,.958,-.285,.022,.286,.958,-.035,-.011,.04,.999);es="Linear";ed="In";};};{tm=.833;["Ramrod"]={tm=.0340;cf=cfr(0,0,2.373,1,0,0,0,1,0,0,0,1);es="Linear";ed="In";};};{tm=.867;["Right Arm"]={tm=.0999;cf=cfr(1.255,.439,-.819,-.238,-.509,-.827,-.67,-.53,.519,-.703,.678,-.215);es="Linear";ed="In";};["Ramrod"]={tm=.0999;cf=cfr(.077,-.108,2.606,.999,-.006,.051,.009,.998,-.066,-.051,.066,.997);es="Linear";ed="In";};};{tm=.967;["Right Arm"]={tm=.0330;cf=cfr(1.379,.991,-.814,-.224,-.512,-.829,-.451,-.7,.554,-.864,.498,-.074);es="Linear";ed="In";};["Left Arm"]={tm=.0999;cf=cfr(.502,-.303,-.06,.5,.864,-.05,-.856,.503,.12,.129,-.017,.992);es="Linear";ed="In";};["Handle"]={tm=.0999;cf=cfr(-1.007,-1.839,.831,.997,-.037,.067,-.077,-.522,.849,.003,-.852,-.523);es="Linear";ed="In";};["Ramrod"]={tm=.0330;cf=cfr(.414,-.388,3.236,.982,-.006,.189,.027,.993,-.112,-.187,.115,.976);es="Linear";ed="In";};};{tm=1;["Right Arm"]={tm=.0669;cf=cfr(1.38,1.114,-.745,-.236,-.494,-.837,-.427,-.721,.546,-.873,.486,-.041);es="Linear";ed="In";};["Head"]={tm=.2669;cf=cfr(-.001,.001,0,.969,-.248,.001,.247,.968,.041,-.011,-.04,.999);es="Linear";ed="In";};["Ramrod"]={tm=.0669;cf=cfr(.524,-.483,3.359,.957,-.037,.289,.069,.992,-.103,-.283,.118,.952);es="Linear";ed="In";};};{tm=1.067;["Right Arm"]={tm=.0660;cf=cfr(1.38,.982,-.596,-.341,-.461,-.819,-.283,-.781,.557,-.896,.422,.135);es="Linear";ed="In";};["Left Arm"]={tm=.1000;cf=cfr(.502,-.309,-.06,.494,.868,-.052,-.859,.497,.125,.134,-.017,.991);es="Linear";ed="In";};["Handle"]={tm=.1000;cf=cfr(-1.015,-1.846,.821,.997,-.038,.073,-.082,-.516,.852,.006,-.856,-.518);es="Linear";ed="In";};["Ramrod"]={tm=.0660;cf=cfr(.923,-.385,3.225,.793,-.198,.576,.208,.977,.049,-.572,.081,.816);es="Linear";ed="In";};};{tm=1.133;["Right Arm"]={tm=.0340;cf=cfr(1.236,.757,-.385,-.393,-.455,-.799,-.026,-.863,.504,-.919,.219,.328);es="Linear";ed="In";};["Ramrod"]={tm=.0340;cf=cfr(1.165,-.338,2.724,.508,-.328,.796,-.021,.92,.392,-.861,-.216,.461);es="Linear";ed="In";};};{tm=1.167;["Right Arm"]={tm=.133;cf=cfr(1.147,.681,-.242,-.408,-.457,-.79,.12,-.885,.45,-.905,.089,.416);es="Linear";ed="In";};["Left Arm"]={tm=.133;cf=cfr(.505,-.32,-.06,.497,.866,-.059,-.855,.5,.136,.147,-.017,.989);es="Linear";ed="In";};["Handle"]={tm=.133;cf=cfr(-1.035,-1.855,.83,.996,-.038,.086,-.093,-.519,.849,.012,-.854,-.521);es="Linear";ed="In";};["Ramrod"]={tm=.0660;cf=cfr(1.376,-.434,2.52,.194,-.454,.87,-.235,.839,.49,-.952,-.3,.056);es="Linear";ed="In";};};{tm=1.233;["Ramrod"]={tm=.0669;cf=cfr(1.348,-.85,2.365,-.196,-.879,.435,-.476,.473,.741,-.857,-.062,-.511);es="Linear";ed="In";};};{tm=1.267;["Head"]={tm=.133;cf=cfr(-.001,.001,0,.997,.074,-.019,-.073,.995,.064,.024,-.062,.998);es="Linear";ed="In";};};{tm=1.3;["Right Arm"]={tm=.0329;cf=cfr(.757,.581,-.265,-.817,-.549,.177,.519,-.833,-.191,.252,-.064,.966);es="Linear";ed="In";};["Left Arm"]={tm=.0999;cf=cfr(.502,-.346,-.075,.511,.857,-.063,-.846,.515,.136,.149,-.016,.989);es="Linear";ed="In";};["Handle"]={tm=.0999;cf=cfr(-1.025,-1.92,.821,.996,-.033,.088,-.093,-.513,.853,.017,-.858,-.514);es="Linear";ed="In";};["Ramrod"]={tm=.0329;cf=cfr(1.537,-.859,2.249,.131,-.98,-.147,-.878,-.184,.442,-.461,.071,-.885);es="Linear";ed="In";};};{tm=1.333;["Right Arm"]={tm=.0669;cf=cfr(.781,.588,-.248,-.788,-.566,.243,.534,-.824,-.188,.307,-.019,.951);es="Linear";ed="In";};["Ramrod"]={tm=.0669;cf=cfr(1.501,-.689,2.297,.249,-.927,-.281,-.879,-.338,.336,-.407,.163,-.899);es="Linear";ed="In";};};{tm=1.4;["Right Arm"]={tm=.1000;cf=cfr(.831,.603,-.291,-.717,-.589,.372,.564,-.804,-.188,.41,.075,.909);es="Linear";ed="In";};["Left Arm"]={tm=.2000;cf=cfr(.396,-.361,-.06,.524,.844,-.116,-.838,.535,.105,.15,.042,.988);es="Linear";ed="In";};["Handle"]={tm=.2000;cf=cfr(-1.103,-2.117,.621,.986,.129,.102,-.036,-.437,.899,.161,-.89,-.427);es="Linear";ed="In";};["Ramrod"]={tm=.2000;cf=cfr(1.352,-.35,2.387,.472,-.805,-.359,-.834,-.54,.113,-.285,.246,-.926);es="Linear";ed="In";};["Head"]={tm=.2000;cf=cfr(-.001,.001,0,.998,.067,-.016,-.067,.997,.046,.019,-.045,.999);es="Linear";ed="In";};};{tm=1.5;["Right Arm"]={tm=.1000;cf=cfr(.973,.803,-.411,-.699,-.593,.399,.54,-.804,-.249,.468,.041,.883);es="Linear";ed="In";};};{tm=1.6;["Right Arm"]={tm=.0329;cf=cfr(1.018,1.003,-.494,-.655,-.595,.465,.51,-.803,-.308,.557,.036,.83);es="Linear";ed="In";};["Left Arm"]={tm=.0999;cf=cfr(-.094,-.51,-.091,.651,.616,-.444,-.619,.769,.16,.44,.17,.882);es="Linear";ed="In";};["Handle"]={tm=.0999;cf=cfr(-1.18,-2.833,-.02,.948,.195,.254,-.216,-.197,.957,.236,-.961,-.144);es="Linear";ed="In";};["Ramrod"]={tm=.0329;cf=cfr(.269,.198,3.339,.627,-.766,-.139,-.776,-.63,-.03,-.065,.127,-.99);es="Linear";ed="In";};["Head"]={tm=.2669;cf=cfr(-.001,.001,0,1,.008,-.012,-.009,.997,-.072,.011,.072,.997);es="Linear";ed="In";};};{tm=1.633;["Right Arm"]={tm=.0669;cf=cfr(.992,1.027,-.512,-.671,-.576,.467,.513,-.815,-.269,.536,.059,.842);es="Linear";ed="In";};["Ramrod"]={tm=.0669;cf=cfr(.195,.144,3.363,.627,-.772,-.107,-.776,-.63,-.003,-.065,.085,-.994);es="Linear";ed="In";};};{tm=1.7;["CartOff"]="";["Right Arm"]={tm=.1000;cf=cfr(.936,.892,-.555,-.707,-.539,.457,.516,-.836,-.187,.483,.104,.87);es="Linear";ed="In";};["Left Arm"]={tm=.1999;cf=cfr(-.094,-.543,-.104,.63,.625,-.461,-.625,.76,.178,.462,.176,.869);es="Linear";ed="In";};["Handle"]={tm=.1999;cf=cfr(-1.195,-2.864,-.068,.939,.215,.268,-.231,-.182,.956,.254,-.96,-.121);es="Linear";ed="In";};["Ramrod"]={tm=.1000;cf=cfr(.075,.075,3.229,.627,-.778,-.041,-.776,-.628,.05,-.065,.001,-.998);es="Linear";ed="In";};};{tm=1.733;["Sound"]="Ram";};{tm=1.8;["Right Arm"]={tm=.0329;cf=cfr(.696,.453,-.16,-.662,-.674,.328,.75,-.597,.285,.004,.434,.901);es="Linear";ed="In";};["Ramrod"]={tm=.0999;cf=cfr(.012,.148,2.427,.627,-.779,-.002,-.779,-.627,.005,-.005,-.001,-1);es="Linear";ed="In";};};{tm=1.833;["Right Arm"]={tm=.0340;cf=cfr(.616,.307,-.07,-.625,-.72,.3,.761,-.478,.439,-.172,.503,.847);es="Linear";ed="In";};};{tm=1.867;["Right Arm"]={tm=.0329;cf=cfr(.536,.161,-.026,-.581,-.764,.282,.737,-.346,.581,-.346,.545,.764);es="Linear";ed="In";};["Head"]={tm=.266;cf=cfr(-.001,.001,0,1,-.018,-.011,.017,.995,-.102,.012,.102,.995);es="Linear";ed="In";};};{tm=1.9;["Right Arm"]={tm=.0670;cf=cfr(.481,-.021,-.036,-.547,-.792,.272,.707,-.263,.657,-.448,.551,.704);es="Linear";ed="In";};["Left Arm"]={tm=.0670;cf=cfr(-.094,-.556,-.108,.639,.622,-.452,-.616,.766,.184,.461,.161,.873);es="Linear";ed="In";};["Handle"]={tm=.0670;cf=cfr(-1.215,-2.873,-.049,.94,.202,.276,-.239,-.19,.952,.245,-.961,-.131);es="Linear";ed="In";};["Ramrod"]={tm=.0670;cf=cfr(.01,.152,1.584,.627,-.779,-.002,-.779,-.627,.005,-.005,-.002,-1);es="Linear";ed="In";};};{tm=1.967;["Right Arm"]={tm=.0659;cf=cfr(.492,-.029,-.024,-.533,-.795,.291,.683,-.201,.703,-.5,.573,.649);es="Linear";ed="In";};["Left Arm"]={tm=.1659;cf=cfr(-.094,-.556,-.108,.642,.622,-.447,-.612,.768,.189,.461,.152,.874);es="Linear";ed="In";};["Handle"]={tm=.1659;cf=cfr(-1.23,-2.871,-.045,.939,.195,.282,-.245,-.193,.95,.24,-.962,-.133);es="Linear";ed="In";};["Ramrod"]={tm=.0659;cf=cfr(.01,.153,1.502,.627,-.779,-.002,-.779,-.627,.005,-.005,-.001,-1);es="Linear";ed="In";};};{tm=2.033;["Right Arm"]={tm=.0340;cf=cfr(.537,.13,-.075,-.533,-.793,.295,.78,-.326,.533,-.327,.514,.793);es="Linear";ed="In";};["Ramrod"]={tm=.1000;cf=cfr(.01,.153,1.397,.627,-.779,-.002,-.779,-.627,.005,-.005,-.001,-1);es="Linear";ed="In";};};{tm=2.067;["Right Arm"]={tm=.0659;cf=cfr(.56,.209,-.138,-.533,-.793,.297,.814,-.383,.438,-.233,.474,.849);es="Linear";ed="In";};};{tm=2.133;["Right Arm"]={tm=.0670;cf=cfr(.605,.368,-.268,-.531,-.792,.3,.841,-.449,.303,-.105,.413,.904);es="Linear";ed="In";};["Left Arm"]={tm=.0670;cf=cfr(-.094,-.543,-.104,.637,.621,-.456,-.622,.764,.171,.455,.175,.873);es="Linear";ed="In";};["Handle"]={tm=.0670;cf=cfr(-1.186,-2.865,-.049,.942,.209,.263,-.225,-.188,.956,.249,-.96,-.13);es="Linear";ed="In";};["Ramrod"]={tm=.0670;cf=cfr(.009,.155,1.046,.627,-.779,-.002,-.779,-.627,.005,-.005,-.001,-1);es="Linear";ed="In";};["Head"]={tm=.3999;cf=cfr(-.001,.001,0,1,-.013,-.011,.012,.995,-.096,.012,.096,.995);es="Linear";ed="In";};};{tm=2.2;["Right Arm"]={tm=.0669;cf=cfr(.626,.434,-.284,-.591,-.756,.281,.806,-.536,.25,-.039,.374,.927);es="Linear";ed="In";};["Left Arm"]={tm=.0669;cf=cfr(-.094,-.543,-.104,.631,.629,-.455,-.631,.757,.171,.451,.179,.874);es="Linear";ed="In";};["Handle"]={tm=.0669;cf=cfr(-1.172,-2.867,-.073,.943,.21,.257,-.222,-.177,.959,.247,-.962,-.12);es="Linear";ed="In";};["Ramrod"]={tm=.0669;cf=cfr(.009,.155,.926,.627,-.779,-.002,-.779,-.627,.005,-.005,-.002,-1);es="Linear";ed="In";};};{tm=2.267;["Right Arm"]={tm=.0329;cf=cfr(.623,.447,-.279,-.593,-.755,.28,.803,-.532,.267,-.052,.383,.922);es="Linear";ed="In";};["Left Arm"]={tm=.133;cf=cfr(-.094,-.543,-.104,.629,.631,-.454,-.635,.754,.169,.449,.182,.875);es="Linear";ed="In";};["Handle"]={tm=.1000;cf=cfr(-1.162,-2.868,-.081,.944,.211,.253,-.219,-.173,.96,.246,-.962,-.117);es="Linear";ed="In";};["Ramrod"]={tm=.133;cf=cfr(.009,.156,.871,.627,-.779,-.002,-.779,-.627,.005,-.005,-.002,-1);es="Linear";ed="In";};};{tm=2.3;["Right Arm"]={tm=.0330;cf=cfr(.592,.344,-.196,-.577,-.767,.28,.797,-.455,.396,-.176,.452,.874);es="Linear";ed="In";};};{tm=2.333;["Right Arm"]={tm=.0339;cf=cfr(.561,.24,-.115,-.561,-.778,.283,.773,-.369,.517,-.298,.509,.808);es="Linear";ed="In";};};{tm=2.367;["Right Arm"]={tm=.0329;cf=cfr(.529,.174,-.051,-.544,-.788,.289,.756,-.311,.575,-.363,.532,.765);es="Linear";ed="In";};["Handle"]={tm=.0329;cf=cfr(-1.186,-2.874,-.039,.944,.201,.263,-.226,-.192,.955,.243,-.961,-.135);es="Linear";ed="In";};};{tm=2.4;["Sound"]="Tamp";["Right Arm"]={tm=.1000;cf=cfr(.497,.062,-.019,-.529,-.795,.296,.732,-.251,.633,-.429,.551,.715);es="Linear";ed="In";};["Left Arm"]={tm=.1000;cf=cfr(-.094,-.556,-.108,.647,.617,-.448,-.605,.773,.191,.464,.148,.873);es="Linear";ed="In";};["Handle"]={tm=.1000;cf=cfr(-1.243,-2.869,-.029,.938,.194,.287,-.248,-.2,.948,.241,-.96,-.14);es="Linear";ed="In";};["Ramrod"]={tm=.1000;cf=cfr(.008,.159,.249,.627,-.779,-.002,-.779,-.627,.005,-.005,-.002,-1);es="Linear";ed="In";};};{tm=2.5;["Right Arm"]={tm=.1669;cf=cfr(.499,.034,.004,-.526,-.796,.298,.728,-.241,.642,-.44,.555,.706);es="Linear";ed="In";};["Left Arm"]={tm=.1669;cf=cfr(-.094,-.556,-.108,.648,.615,-.449,-.597,.777,.202,.473,.137,.87);es="Linear";ed="In";};["Handle"]={tm=.1669;cf=cfr(-1.275,-2.864,-.022,.935,.191,.3,-.261,-.206,.943,.242,-.96,-.143);es="Linear";ed="In";};["Ramrod"]={tm=.1669;cf=cfr(.008,.159,.211,.627,-.779,-.002,-.779,-.627,.005,-.005,-.001,-1);es="Linear";ed="In";};};{tm=2.533;["Head"]={tm=.4670;cf=cfr(-.001,.001,0,1,-.007,-.011,.006,.993,-.114,.011,.114,.993);es="Linear";ed="In";};};{tm=2.667;["Right Arm"]={tm=.1000;cf=cfr(.527,.203,-.149,-.539,-.792,.286,.814,-.404,.417,-.215,.458,.863);es="Linear";ed="In";};["Left Arm"]={tm=.1000;cf=cfr(-.094,-.556,-.108,.637,.629,-.446,-.614,.764,.2,.466,.146,.873);es="Linear";ed="In";};["Handle"]={tm=.1000;cf=cfr(-1.248,-2.869,-.065,.937,.194,.289,-.254,-.186,.949,.238,-.963,-.125);es="Linear";ed="In";};["Ramrod"]={tm=.1000;cf=cfr(.008,.157,.566,.627,-.779,-.002,-.779,-.627,.005,-.005,-.002,-1);es="Linear";ed="In";};};{tm=2.767;["Right Arm"]={tm=.0660;cf=cfr(.519,.218,-.157,-.547,-.788,.282,.81,-.413,.416,-.211,.456,.865);es="Linear";ed="In";};["Left Arm"]={tm=.0660;cf=cfr(-.094,-.556,-.108,.631,.636,-.444,-.622,.757,.2,.464,.149,.873);es="Linear";ed="In";};["Handle"]={tm=.0660;cf=cfr(-1.238,-2.871,-.086,.939,.194,.285,-.252,-.176,.951,.235,-.965,-.116);es="Linear";ed="In";};["Ramrod"]={tm=.133;cf=cfr(.008,.157,.589,.627,-.779,-.002,-.779,-.627,.005,-.005,-.002,-1);es="Linear";ed="In";};};{tm=2.833;["Right Arm"]={tm=.0669;cf=cfr(.492,.149,-.078,-.547,-.789,.279,.765,-.337,.548,-.338,.513,.789);es="Linear";ed="In";};["Left Arm"]={tm=.0669;cf=cfr(-.094,-.556,-.108,.63,.637,-.444,-.62,.757,.205,.466,.146,.872);es="Linear";ed="In";};["Handle"]={tm=.0669;cf=cfr(-1.248,-2.869,-.089,.937,.194,.289,-.257,-.176,.95,.235,-.965,-.115);es="Linear";ed="In";};};{tm=2.9;["Sound"]="Tamp";["Right Arm"]={tm=.1000;cf=cfr(.483,.048,.009,-.529,-.797,.291,.72,-.24,.651,-.45,.554,.701);es="Linear";ed="In";};["Left Arm"]={tm=.1000;cf=cfr(-.094,-.556,-.108,.645,.619,-.449,-.598,.774,.209,.476,.134,.869);es="Linear";ed="In";};["Handle"]={tm=.1000;cf=cfr(-1.286,-2.862,-.035,.933,.191,.305,-.267,-.202,.942,.241,-.961,-.137);es="Linear";ed="In";};["Ramrod"]={tm=.3000;cf=cfr(.008,.159,.219,.627,-.779,-.002,-.779,-.627,.005,-.005,-.001,-1);es="Linear";ed="In";};};{tm=3;["Right Arm"]={tm=.1000;cf=cfr(.49,.03,.018,-.52,-.8,.299,.725,-.228,.65,-.452,.554,.699);es="Linear";ed="In";};["Left Arm"]={tm=.1669;cf=cfr(-.094,-.556,-.108,.652,.609,-.451,-.586,.783,.209,.481,.128,.868);es="Linear";ed="In";};["Handle"]={tm=.1669;cf=cfr(-1.302,-2.858,-.006,.931,.189,.311,-.27,-.215,.939,.245,-.958,-.149);es="Linear";ed="In";};["Head"]={tm=.1669;cf=cfr(-.001,.001,0,1,-.006,-.011,.004,.993,-.121,.011,.121,.993);es="Linear";ed="In";};};{tm=3.1;["Right Arm"]={tm=.0669;cf=cfr(.487,.049,.012,-.272,-.74,.615,.957,-.141,.254,-.101,.658,.746);es="Linear";ed="In";};};{tm=3.167;["Right Arm"]={tm=.0330;cf=cfr(.485,.058,.01,-.187,-.688,.701,.982,-.119,.146,-.017,.716,.698);es="Linear";ed="In";};["Left Arm"]={tm=.0330;cf=cfr(-.094,-.556,-.108,.648,.615,-.45,-.598,.776,.201,.473,.139,.87);es="Linear";ed="In";};["Handle"]={tm=.0330;cf=cfr(-1.271,-2.864,-.023,.935,.192,.299,-.259,-.205,.944,.243,-.96,-.142);es="Linear";ed="In";};["Head"]={tm=.266;cf=cfr(-.001,.001,0,1,-.001,-.006,.001,.991,-.131,.006,.131,.991);es="Linear";ed="In";};};{tm=3.2;["Right Arm"]={tm=.0329;cf=cfr(.485,.059,.009,-.173,-.681,.712,.985,-.12,.125,.001,.722,.692);es="Linear";ed="In";};["Left Arm"]={tm=.133;cf=cfr(-.094,-.556,-.108,.647,.616,-.45,-.598,.776,.201,.472,.139,.87);es="Linear";ed="In";};["Handle"]={tm=.133;cf=cfr(-1.27,-2.864,-.025,.935,.192,.298,-.259,-.204,.944,.242,-.96,-.141);es="Linear";ed="In";};["Ramrod"]={tm=.133;cf=cfr(.008,.159,.214,.627,-.779,-.002,-.779,-.627,.005,-.005,-.001,-1);es="Linear";ed="In";};};{tm=3.233;["Sound"]="Ram";["Right Arm"]={tm=.0339;cf=cfr(.548,.186,-.007,-.235,-.667,.707,.956,-.291,.043,.178,.686,.706);es="Linear";ed="In";};};{tm=3.267;["Right Arm"]={tm=.0329;cf=cfr(.641,.329,-.093,-.293,-.643,.708,.891,-.452,-.041,.346,.619,.705);es="Linear";ed="In";};};{tm=3.3;["Right Arm"]={tm=.0330;cf=cfr(.733,.502,-.179,-.346,-.609,.714,.794,-.596,-.123,.5,.524,.689);es="Linear";ed="In";};};{tm=3.333;["Right Arm"]={tm=.0669;cf=cfr(.825,.761,-.265,-.392,-.566,.725,.667,-.718,-.2,.634,.405,.659);es="Linear";ed="In";};["Left Arm"]={tm=.0669;cf=cfr(-.094,-.556,-.108,.633,.633,-.445,-.62,.759,.197,.463,.151,.873);es="Linear";ed="In";};["Handle"]={tm=.0669;cf=cfr(-1.235,-2.871,-.077,.939,.195,.284,-.25,-.18,.951,.237,-.964,-.12);es="Linear";ed="In";};["Ramrod"]={tm=.0669;cf=cfr(.01,.153,1.617,.627,-.779,-.002,-.779,-.627,.005,-.005,-.002,-1);es="Linear";ed="In";};};{tm=3.4;["Right Arm"]={tm=.0329;cf=cfr(.813,1.008,-.245,-.633,-.59,.501,.56,-.796,-.23,.535,.135,.834);es="Linear";ed="In";};["Left Arm"]={tm=.1000;cf=cfr(-.094,-.556,-.108,.627,.64,-.443,-.63,.752,.194,.458,.157,.875);es="Linear";ed="In";};["Handle"]={tm=.1000;cf=cfr(-1.215,-2.874,-.099,.941,.197,.276,-.245,-.169,.955,.235,-.966,-.111);es="Linear";ed="In";};["Ramrod"]={tm=.1000;cf=cfr(.012,.149,2.401,.627,-.779,-.002,-.779,-.627,.005,-.005,-.002,-1);es="Linear";ed="In";};};{tm=3.433;["Right Arm"]={tm=.0340;cf=cfr(.803,1.041,-.226,-.636,-.585,.503,.539,-.804,-.253,.552,.11,.827);es="Linear";ed="In";};["Head"]={tm=.1670;cf=cfr(-.001,.001,0,.998,.07,-.003,-.07,.997,.03,.005,-.03,1);es="Linear";ed="In";};};{tm=3.467;["Right Arm"]={tm=.133;cf=cfr(.794,.925,-.207,-.64,-.58,.504,.517,-.81,-.277,.569,.083,.818);es="Linear";ed="In";};};{tm=3.5;["Left Arm"]={tm=.1000;cf=cfr(-.094,-.556,-.108,.62,.649,-.441,-.637,.744,.2,.458,.157,.875);es="Linear";ed="In";};["Handle"]={tm=.1000;cf=cfr(-1.216,-2.874,-.127,.941,.197,.276,-.248,-.157,.956,.232,-.968,-.099);es="Linear";ed="In";};["Ramrod"]={tm=.1000;cf=cfr(.012,.148,2.514,.627,-.779,-.002,-.779,-.627,.005,-.005,-.002,-1);es="Linear";ed="In";};};{tm=3.6;["Right Arm"]={tm=.0669;cf=cfr(.478,.078,-.209,-.305,-.693,.653,.914,-.406,-.005,.269,.595,.757);es="Linear";ed="In";};["Left Arm"]={tm=.0669;cf=cfr(-.094,-.556,-.108,.626,.641,-.443,-.628,.752,.201,.462,.152,.874);es="Linear";ed="In";};["Handle"]={tm=.0669;cf=cfr(-1.232,-2.871,-.104,.939,.196,.282,-.252,-.168,.953,.234,-.966,-.109);es="Linear";ed="In";};["Ramrod"]={tm=.0669;cf=cfr(.012,.148,2.464,.627,-.779,-.002,-.779,-.627,.005,-.005,-.002,-1);es="Linear";ed="In";};["Head"]={tm=.0669;cf=cfr(-.001,.001,0,.998,.064,-.003,-.064,.998,.022,.005,-.022,1);es="Linear";ed="In";};};{tm=3.667;["Right Arm"]={tm=.1000;cf=cfr(.479,.071,-.206,-.289,-.692,.661,.92,-.393,-.009,.266,.605,.75);es="Linear";ed="In";};["Left Arm"]={tm=.1660;cf=cfr(-.094,-.556,-.108,.627,.64,-.443,-.625,.753,.204,.465,.149,.873);es="Linear";ed="In";};["Handle"]={tm=.1660;cf=cfr(-1.241,-2.87,-.1,.938,.195,.286,-.255,-.171,.952,.235,-.966,-.11);es="Linear";ed="In";};["Ramrod"]={tm=.1000;cf=cfr(.012,.149,2.427,.627,-.779,-.002,-.779,-.627,.005,-.005,-.002,-1);es="Linear";ed="In";};["Head"]={tm=.133;cf=cfr(-.001,.001,0,.998,.064,-.004,-.064,.998,.015,.005,-.015,1);es="Linear";ed="In";};};{tm=3.767;["Right Arm"]={tm=.0329;cf=cfr(.583,.467,-.229,-.397,-.675,.622,.846,-.533,-.038,.357,.511,.782);es="Linear";ed="In";};["Ramrod"]={tm=.0329;cf=cfr(.014,.144,2.984,.627,-.779,-.002,-.779,-.627,.005,-.005,-.001,-1);es="Linear";ed="In";};};{tm=3.8;["Right Arm"]={tm=.0330;cf=cfr(.601,.53,-.217,-.442,-.65,.618,.794,-.604,-.068,.418,.461,.783);es="Linear";ed="In";};["Head"]={tm=.133;cf=cfr(-.001,.001,0,.997,.078,-.002,-.078,.996,.035,.005,-.035,.999);es="Linear";ed="In";};["Ramrod"]={tm=.0330;cf=cfr(.109,.109,3.137,.638,-.767,-.064,-.768,-.64,.022,-.058,.035,-.998);es="Linear";ed="In";};};{tm=3.833;["Right Arm"]={tm=.0999;cf=cfr(.62,.593,-.18,-.484,-.621,.617,.735,-.671,-.098,.474,.406,.781);es="Linear";ed="In";};["Left Arm"]={tm=.0999;cf=cfr(-.094,-.556,-.108,.619,.65,-.441,-.639,.743,.199,.457,.159,.875);es="Linear";ed="In";};["Handle"]={tm=.0999;cf=cfr(-1.211,-2.874,-.132,.941,.197,.274,-.246,-.155,.957,.231,-.968,-.097);es="Linear";ed="In";};["Ramrod"]={tm=.0999;cf=cfr(.227,.079,3.297,.646,-.753,-.127,-.755,-.654,.039,-.112,.071,-.991);es="Linear";ed="In";};};{tm=3.933;["Right Arm"]={tm=.0340;cf=cfr(.612,.694,-.034,-.659,-.619,.428,.63,-.765,-.135,.41,.18,.894);es="Linear";ed="In";};["Left Arm"]={tm=.0670;cf=cfr(-.094,-.556,-.108,.614,.655,-.439,-.644,.738,.201,.456,.16,.876);es="Linear";ed="In";};["Handle"]={tm=.0670;cf=cfr(-1.208,-2.874,-.147,.942,.197,.273,-.246,-.149,.958,.23,-.969,-.091);es="Linear";ed="In";};["Ramrod"]={tm=.0340;cf=cfr(.664,.014,3.566,.458,-.85,-.259,-.837,-.511,.195,-.298,.127,-.946);es="Linear";ed="In";};["Head"]={tm=.2000;cf=cfr(-.001,.001,0,.984,.178,0,-.178,.983,.051,.009,-.051,.999);es="Linear";ed="In";};};{tm=3.967;["Right Arm"]={tm=.0329;cf=cfr(.654,.708,.001,-.703,-.618,.351,.607,-.779,-.157,.371,.103,.923);es="Linear";ed="In";};["Ramrod"]={tm=.0329;cf=cfr(.867,-.165,3.556,.37,-.886,-.28,-.862,-.439,.254,-.348,.147,-.926);es="Linear";ed="In";};};{tm=4;["Right Arm"]={tm=.0999;cf=cfr(.696,.723,-.025,-.739,-.616,.272,.62,-.78,-.082,.263,.108,.959);es="Linear";ed="In";};["Left Arm"]={tm=.133;cf=cfr(-.093,-.534,-.098,.589,.724,-.36,-.698,.679,.225,.407,.119,.906);es="Linear";ed="In";};["Handle"]={tm=.133;cf=cfr(-1.229,-2.678,-.078,.953,.133,.271,-.239,-.219,.946,.186,-.967,-.177);es="Linear";ed="In";};["Ramrod"]={tm=.0670;cf=cfr(.848,-.387,3.501,.301,-.933,-.197,-.875,-.352,.331,-.378,.073,-.923);es="Linear";ed="In";};};{tm=4.067;["Ramrod"]={tm=.0329;cf=cfr(.806,-.617,3.116,.327,-.917,.231,-.556,.011,.831,-.765,-.4,-.506);es="Linear";ed="In";};};{tm=4.1;["Right Arm"]={tm=.0330;cf=cfr(1.121,.681,-.007,-.799,-.488,-.352,.387,-.865,.321,-.461,.12,.879);es="Linear";ed="In";};["Ramrod"]={tm=.0330;cf=cfr(.689,-.639,2.928,.426,-.806,.411,-.333,.283,.899,-.841,-.52,-.148);es="Linear";ed="In";};};{tm=4.133;["Right Arm"]={tm=.0999;cf=cfr(1.263,.667,.065,-.708,-.447,-.546,.248,-.882,.401,-.661,.149,.736);es="Linear";ed="In";};["Left Arm"]={tm=.0999;cf=cfr(-.091,-.491,-.076,.466,.857,-.219,-.821,.511,.254,.33,.062,.942);es="Linear";ed="In";};["Handle"]={tm=.0999;cf=cfr(-1.233,-2.29,-.038,.967,.047,.249,-.222,-.317,.922,.122,-.947,-.296);es="Linear";ed="In";};["Ramrod"]={tm=.0999;cf=cfr(.67,-.655,2.766,.561,-.646,.518,-.117,.557,.822,-.82,-.522,.236);es="Linear";ed="In";};["Head"]={tm=.0999;cf=cfr(-.001,.001,0,.971,.24,.007,-.24,.967,.086,.014,-.085,.996);es="Linear";ed="In";};};{tm=4.233;["Right Arm"]={tm=.0670;cf=cfr(1.618,.656,.27,-.429,-.417,-.801,-.074,-.868,.492,-.9,.27,.341);es="Linear";ed="In";};["Left Arm"]={tm=.0670;cf=cfr(-.09,-.458,-.06,.356,.921,-.16,-.893,.385,.232,.275,.06,.96);es="Linear";ed="In";};["Handle"]={tm=.0670;cf=cfr(-1.191,-2.006,.011,.975,.037,.217,-.184,-.404,.896,.121,-.914,-.387);es="Linear";ed="In";};["Ramrod"]={tm=.0670;cf=cfr(.885,-.389,2.46,.851,-.436,.294,.39,.898,.203,-.352,-.058,.934);es="Linear";ed="In";};["Head"]={tm=.2339;cf=cfr(-.001,.001,0,.967,.253,.004,-.253,.965,.07,.014,-.069,.998);es="Linear";ed="In";};};{tm=4.3;["Right Arm"]={tm=.133;cf=cfr(1.648,.899,.133,-.122,-.398,-.909,-.26,-.871,.417,-.958,.287,.003);es="Linear";ed="In";};["Left Arm"]={tm=.133;cf=cfr(-.108,-.452,-.064,.34,.928,-.154,-.9,.368,.234,.274,.059,.96);es="Linear";ed="In";};["Handle"]={tm=.133;cf=cfr(-1.186,-2.002,-.034,.976,.036,.216,-.186,-.387,.903,.116,-.921,-.371);es="Linear";ed="In";};["Ramrod"]={tm=.133;cf=cfr(.635,-.344,2.582,.946,-.137,.294,.16,.985,-.057,-.282,.101,.954);es="Linear";ed="In";};};{tm=4.433;["Right Arm"]={tm=.0670;cf=cfr(1.754,1.13,-.101,-.025,-.534,-.845,-.456,-.747,.484,-.89,.397,-.225);es="Linear";ed="In";};["Left Arm"]={tm=.0670;cf=cfr(-.115,-.446,-.064,.329,.931,-.161,-.903,.36,.235,.277,.068,.959);es="Linear";ed="In";};["Handle"]={tm=.0670;cf=cfr(-1.186,-1.997,-.057,.975,.044,.219,-.187,-.379,.907,.123,-.925,-.361);es="Linear";ed="In";};["Ramrod"]={tm=.0670;cf=cfr(.181,-.091,2.606,.995,-.008,.095,.012,.999,-.036,-.095,.037,.995);es="Linear";ed="In";};};{tm=4.467;["Head"]={tm=.0660;cf=cfr(-.001,.001,0,.997,-.079,.009,.08,.993,-.091,-.002,.092,.996);es="Linear";ed="In";};};{tm=4.5;["Right Arm"]={tm=.0670;cf=cfr(1.758,1.103,-.142,-.028,-.527,-.849,-.476,-.74,.475,-.879,.418,-.23);es="Linear";ed="In";};["Left Arm"]={tm=.0670;cf=cfr(-.115,-.446,-.064,.323,.933,-.161,-.905,.354,.235,.276,.07,.959);es="Linear";ed="In";};["Handle"]={tm=.0670;cf=cfr(-1.185,-1.998,-.067,.975,.046,.219,-.186,-.373,.909,.124,-.927,-.355);es="Linear";ed="In";};["Ramrod"]={tm=.0670;cf=cfr(.127,-.064,2.542,.997,-.008,.072,.011,.999,-.036,-.072,.037,.997);es="Linear";ed="In";};};{tm=4.533;["Head"]={tm=.2339;cf=cfr(-.001,.001,0,.993,-.119,.018,.12,.984,-.131,-.002,.132,.991);es="Linear";ed="In";};};{tm=4.567;["Right Arm"]={tm=.1659;cf=cfr(1.765,1.069,-.174,-.037,-.54,-.841,-.546,-.694,.469,-.837,.476,-.269);es="Linear";ed="In";};["Left Arm"]={tm=.1659;cf=cfr(-.115,-.446,-.064,.322,.933,-.161,-.906,.353,.235,.276,.07,.959);es="Linear";ed="In";};["Handle"]={tm=.1659;cf=cfr(-1.184,-1.998,-.069,.975,.047,.219,-.186,-.372,.909,.124,-.927,-.354);es="Linear";ed="In";};["Ramrod"]={tm=.1659;cf=cfr(0,0,2.418,1,0,0,0,1,0,0,0,1);es="Linear";ed="In";};};{tm=4.6;["Sound"]="TakeOut";};{tm=4.733;["Right Arm"]={tm=.0670;cf=cfr(1.434,.335,-.135,-.312,-.426,-.849,-.787,-.386,.482,-.533,.819,-.214);es="Linear";ed="In";};["Left Arm"]={tm=.0670;cf=cfr(-.112,-.46,-.062,.334,.928,-.163,-.899,.366,.24,.282,.066,.957);es="Linear";ed="In";};["Handle"]={tm=.0670;cf=cfr(-1.197,-2.009,-.046,.973,.042,.225,-.192,-.384,.903,.125,-.922,-.366);es="Linear";ed="In";};["Ramrod"]={tm=.0670;cf=cfr(0,0,1.12,1,0,0,0,1,0,0,0,1);es="Linear";ed="In";};};{tm=4.767;["Head"]={tm=.4329;cf=cfr(-.001,.001,0,.991,-.131,.021,.132,.979,-.153,-.001,.154,.988);es="Linear";ed="In";};};{tm=4.8;["Right Arm"]={tm=.1000;cf=cfr(1.441,.322,-.112,-.329,-.408,-.852,-.799,-.361,.481,-.504,.839,-.207);es="Linear";ed="In";};["Left Arm"]={tm=.1000;cf=cfr(-.112,-.46,-.062,.342,.925,-.165,-.895,.374,.244,.287,.064,.956);es="Linear";ed="In";};["Handle"]={tm=.1000;cf=cfr(-1.206,-2.007,-.032,.972,.04,.23,-.196,-.393,.899,.126,-.919,-.374);es="Linear";ed="In";};["Ramrod"]={tm=.1000;cf=cfr(0,0,1.102,1,0,0,0,1,0,0,0,1);es="Linear";ed="In";};};{tm=4.9;["Right Arm"]={tm=.0669;cf=cfr(1.433,.331,-.226,-.219,-.481,-.849,-.53,-.672,.518,-.819,.563,-.108);es="Linear";ed="In";};["Left Arm"]={tm=.133;cf=cfr(-.112,-.46,-.062,.338,.927,-.164,-.898,.37,.24,.283,.066,.957);es="Linear";ed="In";};["Handle"]={tm=.133;cf=cfr(-1.198,-2.009,-.039,.973,.042,.225,-.191,-.388,.901,.126,-.92,-.37);es="Linear";ed="In";};["Ramrod"]={tm=.133;cf=cfr(0,0,1.045,1,0,0,0,1,0,0,0,1);es="Linear";ed="In";};};{tm=4.967;["Right Arm"]={tm=.0660;cf=cfr(1.509,.439,-.301,-.197,-.491,-.849,-.499,-.695,.518,-.844,.525,-.108);es="Linear";ed="In";};};{tm=5.033;["Right Arm"]={tm=.0339;cf=cfr(1.521,.471,-.347,-.219,-.513,-.83,-.539,-.645,.542,-.813,.566,-.135);es="Linear";ed="In";};["Left Arm"]={tm=.0339;cf=cfr(-.112,-.46,-.062,.334,.929,-.162,-.9,.365,.237,.279,.067,.958);es="Linear";ed="In";};["Handle"]={tm=.0339;cf=cfr(-1.192,-2.01,-.047,.974,.044,.222,-.188,-.384,.904,.125,-.922,-.365);es="Linear";ed="In";};["Ramrod"]={tm=.0339;cf=cfr(0,0,1.012,1,0,0,0,1,0,0,0,1);es="Linear";ed="In";};};{tm=5.067;["Right Arm"]={tm=.133;cf=cfr(1.508,.474,-.339,-.221,-.515,-.828,-.546,-.638,.543,-.808,.572,-.14);es="Linear";ed="In";};["Left Arm"]={tm=.133;cf=cfr(-.112,-.46,-.062,.331,.93,-.162,-.902,.362,.237,.279,.067,.958);es="Linear";ed="In";};["Handle"]={tm=.133;cf=cfr(-1.192,-2.01,-.052,.974,.044,.222,-.189,-.381,.905,.124,-.924,-.362);es="Linear";ed="In";};["Ramrod"]={tm=.133;cf=cfr(0,0,.993,1,0,0,0,1,0,0,0,1);es="Linear";ed="In";};};{tm=5.2;["Right Arm"]={tm=.0329;cf=cfr(1.351,.313,-.212,-.5,-.348,-.793,-.796,-.175,.579,-.341,.921,-.19);es="Linear";ed="In";};["Left Arm"]={tm=.0670;cf=cfr(-.112,-.46,-.062,.341,.925,-.164,-.896,.373,.241,.284,.065,.956);es="Linear";ed="In";};["Handle"]={tm=.0670;cf=cfr(-1.201,-2.008,-.034,.973,.042,.227,-.193,-.392,.9,.126,-.919,-.373);es="Linear";ed="In";};["Ramrod"]={tm=0;cf=cfr(0,0,.071,1,0,0,0,1,0,0,0,1);es="Linear";ed="In";};["Head"]={tm=.4329;cf=cfr(-.001,.001,0,.991,-.131,.02,.132,.98,-.146,-.001,.148,.989);es="Linear";ed="In";};};{tm=5.233;["Right Arm"]={tm=.0340;cf=cfr(1.351,.313,-.212,-.518,-.316,-.795,-.799,-.153,.582,-.306,.936,-.173);es="Linear";ed="In";};};{tm=5.267;["Right Arm"]={tm=.0659;cf=cfr(1.351,.313,-.212,-.516,-.314,-.797,-.792,-.179,.584,-.326,.932,-.156);es="Linear";ed="In";};["Left Arm"]={tm=.3329;cf=cfr(-.112,-.46,-.062,.347,.923,-.166,-.894,.379,.24,.284,.065,.956);es="Linear";ed="In";};["Handle"]={tm=.0329;cf=cfr(-1.201,-2.008,-.024,.973,.042,.227,-.192,-.397,.897,.127,-.917,-.379);es="Linear";ed="In";};};{tm=5.3;["Handle"]={tm=.1000;cf=cfr(-1.254,-1.999,-.156,.969,.144,.202,-.145,-.332,.932,.201,-.932,-.301);es="Linear";ed="In";};};{tm=5.333;["Right Arm"]={tm=.1669;cf=cfr(1.22,.128,-.199,-.806,-.291,-.516,-.464,-.231,.855,-.368,.928,.051);es="Linear";ed="In";};};{tm=5.4;["Handle"]={tm=.0999;cf=cfr(-1.336,-1.974,-.549,.902,.424,.078,-.038,-.102,.994,.43,-.9,-.076);es="Linear";ed="In";};};{tm=5.5;["Right Arm"]={tm=.0330;cf=cfr(.869,-.425,-.508,-.122,-.582,.804,.886,.301,.352,-.447,.755,.48);es="Linear";ed="In";};["Handle"]={tm=.0999;cf=cfr(-1.289,-1.948,-.943,.763,.637,-.106,.007,.156,.988,.646,-.755,.115);es="Linear";ed="In";};};{tm=5.533;["Right Arm"]={tm=.0339;cf=cfr(.799,-.536,-.57,-.104,-.527,.843,.826,.426,.369,-.554,.735,.391);es="Linear";ed="In";};};{tm=5.567;["Right Arm"]={tm=.0329;cf=cfr(.741,-.731,-.647,.056,-.548,.834,.864,.445,.235,-.501,.708,.498);es="Linear";ed="In";};};{tm=5.6;["Right Arm"]={tm=.133;cf=cfr(.658,-.758,-.693,.071,-.633,.771,.914,.351,.203,-.399,.69,.603);es="Linear";ed="In";};["Left Arm"]={tm=.133;cf=cfr(.021,-.114,-.059,.21,.971,.112,-.937,.233,-.262,-.28,-.05,.959);es="Linear";ed="In";};["Handle"]={tm=.133;cf=cfr(-1.12,-2.01,-1.317,.571,.754,-.325,-.016,.406,.914,.821,-.516,.244);es="Linear";ed="In";};};{tm=5.633;["Head"]={tm=.2339;cf=cfr(-.001,.001,0,.981,-.194,.018,.193,.953,-.235,.028,.234,.972);es="Linear";ed="In";};};{tm=5.733;["Right Arm"]={tm=.1340;cf=cfr(.443,-.416,-.665,-.504,-.6,.621,.818,-.1,.567,-.278,.794,.541);es="Linear";ed="In";};["Left Arm"]={tm=.1340;cf=cfr(-.089,-.147,-.036,.558,.827,.071,-.74,.534,-.408,-.375,.175,.91);es="Linear";ed="In";};["Handle"]={tm=.1340;cf=cfr(-1.083,-1.26,-1.415,.319,.8,-.507,-.194,.579,.792,.928,-.154,.34);es="Linear";ed="In";};};{tm=5.867;["Right Arm"]={tm=.0659;cf=cfr(.504,-.247,-.97,-.606,-.535,.589,.763,-.181,.621,-.225,.825,.518);es="Linear";ed="In";};["Left Arm"]={tm=.2329;cf=cfr(-.229,-.224,-.097,.559,.824,-.094,-.74,.444,-.505,-.375,.352,.858);es="Linear";ed="In";};["Handle"]={tm=.2329;cf=cfr(-1.232,-.971,-1.286,.221,.707,-.672,-.09,.701,.708,.971,-.096,.219);es="Linear";ed="In";};["Head"]={tm=.2000;cf=cfr(-.001,.001,0,.993,-.114,.013,.114,.973,-.203,.011,.203,.979);es="Linear";ed="In";};};{tm=5.933;["Right Arm"]={tm=.1340;cf=cfr(.485,-.244,-.935,-.581,-.547,.603,.789,-.198,.581,-.198,.813,.547);es="Linear";ed="In";};};{tm=6.067;["Right Arm"]={tm=.0659;cf=cfr(.141,-.299,.074,-.254,-.796,.55,.742,.204,.639,-.621,.57,.538);es="Linear";ed="In";};["Head"]={tm=0;cf=cfr(0,0,0,.999,-.044,0,.044,.998,-.05,.002,.05,.999);es="Linear";ed="In";};};{tm=6.1;["Left Arm"]={tm=.1000;cf=cfr(.04,.118,.068,.555,.831,-.042,-.567,.341,-.75,-.609,.44,.66);es="Linear";ed="In";};["Handle"]={tm=.1000;cf=cfr(-1.093,-.682,-1.531,-.42,.47,-.776,-.239,.767,.595,.875,.436,-.21);es="Linear";ed="In";};};{tm=6.133;["Right Arm"]={tm=.0670;cf=cfr(-.074,-.353,.159,.225,-.724,.652,.568,.641,.516,-.792,.255,.555);es="Linear";ed="In";};};{tm=6.2;["Right Arm"]={tm=0;cf=cfr(-.289,-.407,.243,.243,-.615,.75,.595,.706,.385,-.766,.352,.537);es="Linear";ed="In";};["Left Arm"]={tm=0;cf=cfr(.141,.245,.113,.55,.835,-.024,-.499,.306,-.811,-.67,.458,.585);es="Linear";ed="In";};["Handle"]={tm=0;cf=cfr(-1.041,-.573,-1.51,-.505,.391,-.769,-.298,.758,.581,.81,.522,-.266);es="Linear";ed="In";};};}