-- // converted using mech's animoduler
local cfr = CFrame.new

return {{tm=0;["Torso"]={tm=1;cf=cfr(0,0,0,.757,.653,0,-.653,.757,0,0,0,1);es="Linear";ed="In";};["Right Arm"]={tm=1;cf=cfr(-.182,-.361,.206,.281,-.522,.805,.378,.831,.407,-.882,.19,.431);es="Linear";ed="In";};["Left Arm"]={tm=1;cf=cfr(-.151,.126,.206,.569,.706,.421,-.094,.564,-.82,-.817,.427,.388);es="Linear";ed="In";};["Handle"]={tm=1;cf=cfr(-.998,-1.234,-1.51,-.418,.215,-.882,-.308,.88,.361,.854,.423,-.302);es="Linear";ed="In";};["Head"]={tm=1;cf=cfr(0,0,0,.782,-.624,-.001,.624,.782,-.007,.006,.005,1);es="Linear";ed="In";};};{tm=1;["Torso"]={tm=0;cf=cfr(0,0,0,.757,.653,0,-.653,.757,0,0,0,1);es="Linear";ed="In";};["Right Arm"]={tm=0;cf=cfr(-.182,-.361,.206,.281,-.522,.805,.378,.831,.407,-.882,.19,.431);es="Linear";ed="In";};["Left Arm"]={tm=0;cf=cfr(-.151,.126,.206,.569,.706,.421,-.094,.564,-.82,-.817,.427,.388);es="Linear";ed="In";};["Handle"]={tm=0;cf=cfr(-.998,-1.234,-1.51,-.418,.215,-.882,-.308,.88,.361,.854,.423,-.302);es="Linear";ed="In";};["Head"]={tm=0;cf=cfr(0,0,0,.782,-.624,-.001,.624,.782,-.007,.006,.005,1);es="Linear";ed="In";};};}