-- // converted using mech's animoduler
local cfr = CFrame.new

return {{tm=0;["Torso"]={cf=cfr(0,0,0,1,0,0,0,1,0,0,0,1);es="Linear";ed="In";};["Left Leg"]={cf=cfr(0,0,0,1,0,0,0,1,0,0,0,1);es="Linear";ed="In";};["Right Arm"]={cf=cfr(0,0,0,1,0,0,0,1,0,0,0,1);es="Linear";ed="In";};["Head"]={cf=cfr(0,0,0,1,0,0,0,1,0,0,0,1);es="Linear";ed="In";};["Right Leg"]={cf=cfr(0,0,0,1,0,0,0,1,0,0,0,1);es="Linear";ed="In";};["Left Arm"]={cf=cfr(0,0,0,1,0,0,0,1,0,0,0,1);es="Linear";ed="In";};};{tm=.033;["Torso"]={cf=cfr(0,0,0,.826,.564,0,-.564,.826,0,0,0,1);es="Linear";ed="In";};["Left Leg"]={cf=cfr(0,0,0,.972,.233,.021,-.234,.968,.086,0,-.089,.996);es="Linear";ed="In";};["Right Arm"]={cf=cfr(0,0,0,.524,-.851,.027,.821,.496,-.283,.227,.17,.959);es="Linear";ed="In";};["Head"]={cf=cfr(0,0,0,.869,.492,.048,-.494,.865,.084,0,-.097,.995);es="Linear";ed="In";};["Right Leg"]={cf=cfr(0,0,0,.905,.422,.048,-.425,.899,.102,0,-.113,.994);es="Linear";ed="In";};["Left Arm"]={cf=cfr(0,0,0,.681,.725,.106,-.729,.685,.001,-.072,-.078,.994);es="Linear";ed="In";};};{tm=.133;["Torso"]={cf=cfr(0,0,0,.552,.831,-.076,-.823,.557,.113,.136,0,.991);es="Linear";ed="In";};["Left Leg"]={cf=cfr(0,0,0,.99,.14,.004,-.14,.988,.066,.005,-.066,.998);es="Linear";ed="In";};["Right Arm"]={cf=cfr(0,0,0,.577,-.75,.323,.8,.439,-.41,.166,.495,.853);es="Linear";ed="In";};["Head"]={cf=cfr(0,0,0,.773,.635,0,-.635,.773,0,0,0,1);es="Linear";ed="In";};["Right Leg"]={cf=cfr(0,0,0,.612,.784,.102,-.791,.607,.079,0,-.129,.992);es="Linear";ed="In";};["Left Arm"]={cf=cfr(0,0,0,.492,.471,.732,-.865,.358,.351,-.097,-.806,.583);es="Linear";ed="In";};};{tm=.167;["Torso"]={cf=cfr(0,0,0,.613,.786,-.074,-.78,.618,.102,.126,-.005,.992);es="Linear";ed="In";};["Left Leg"]={cf=cfr(0,0,0,.992,.129,.003,-.129,.99,.061,.004,-.061,.998);es="Linear";ed="In";};["Right Arm"]={cf=cfr(0,0,0,.634,-.718,.287,.761,.514,-.395,.137,.469,.873);es="Linear";ed="In";};["Head"]={cf=cfr(0,0,0,.805,.593,0,-.593,.805,0,0,0,1);es="Linear";ed="In";};["Right Leg"]={cf=cfr(0,0,0,.666,.74,.092,-.746,.662,.077,-.004,-.12,.993);es="Linear";ed="In";};["Left Arm"]={cf=cfr(0,0,0,.557,.477,.68,-.821,.44,.364,-.126,-.761,.637);es="Linear";ed="In";};};{tm=.2;["Torso"]={cf=cfr(0,0,0,.671,.738,-.072,-.732,.675,.092,.116,-.009,.993);es="Linear";ed="In";};["Left Leg"]={cf=cfr(0,0,0,.993,.119,.003,-.119,.991,.056,.004,-.056,.998);es="Linear";ed="In";};["Right Arm"]={cf=cfr(0,0,0,.688,-.681,.251,.718,.586,-.377,.11,.44,.891);es="Linear";ed="In";};["Head"]={cf=cfr(0,0,0,.835,.55,0,-.55,.835,0,0,0,1);es="Linear";ed="In";};["Right Leg"]={cf=cfr(0,0,0,.717,.693,.082,-.697,.713,.074,-.008,-.11,.994);es="Linear";ed="In";};["Left Arm"]={cf=cfr(0,0,0,.62,.476,.624,-.771,.519,.369,-.149,-.71,.688);es="Linear";ed="In";};};{tm=.267;["Torso"]={cf=cfr(0,0,0,1,0,0,0,1,0,0,0,1);es="Linear";ed="In";};["Left Leg"]={cf=cfr(0,0,0,1,0,0,0,1,0,0,0,1);es="Linear";ed="In";};["Right Arm"]={cf=cfr(0,0,0,1,0,0,0,1,0,0,0,1);es="Linear";ed="In";};["Head"]={cf=cfr(0,0,0,1,0,0,0,1,0,0,0,1);es="Linear";ed="In";};["Right Leg"]={cf=cfr(0,0,0,1,0,0,0,1,0,0,0,1);es="Linear";ed="In";};["Left Arm"]={cf=cfr(0,0,0,1,0,0,0,1,0,0,0,1);es="Linear";ed="In";};};}
