-- // converted using mech's animoduler
local cfr = CFrame.new

return {{tm=0;["Torso"]={cf=cfr(0,0,0,.826,.564,0,-.564,.826,0,0,0,1);es="Linear";ed="In";};["Head"]={cf=cfr(0,0,0,.869,.492,.048,-.494,.865,.084,0,-.097,.995);es="Linear";ed="In";};["Left Leg"]={cf=cfr(0,0,0,.972,.233,.021,-.234,.968,.086,0,-.089,.996);es="Linear";ed="In";};["Right Arm"]={cf=cfr(0,0,0,.524,-.851,.027,.821,.496,-.283,.227,.17,.959);es="Linear";ed="In";};["Right Leg"]={cf=cfr(0,0,0,.905,.422,.048,-.425,.899,.102,0,-.113,.994);es="Linear";ed="In";};["Left Arm"]={cf=cfr(0,0,0,.681,.725,.106,-.729,.685,.001,-.072,-.078,.994);es="Linear";ed="In";};};{tm=.167;["Torso"]={cf=cfr(0,0,0,.552,.831,-.076,-.823,.557,.113,.136,0,.991);es="Linear";ed="In";};["Head"]={cf=cfr(0,0,0,.773,.635,0,-.635,.773,0,0,0,1);es="Linear";ed="In";};["Left Leg"]={cf=cfr(0,0,0,.99,.14,.004,-.14,.988,.066,.005,-.066,.998);es="Linear";ed="In";};["Right Arm"]={cf=cfr(0,0,0,.577,-.75,.323,.8,.439,-.41,.166,.495,.853);es="Linear";ed="In";};["Right Leg"]={cf=cfr(0,0,0,.612,.784,.102,-.791,.607,.079,0,-.129,.992);es="Linear";ed="In";};["Left Arm"]={cf=cfr(0,0,0,.492,.471,.732,-.865,.358,.351,-.097,-.806,.583);es="Linear";ed="In";};};}