-- // converted using mech's animoduler
local cfr = CFrame.new

return {{tm=0;["Torso"]={cf=cfr(0,0,0,1,0,0,0,1,0,0,0,1);es="Linear";ed="In";};["Left Leg"]={cf=cfr(0,0,0,1,0,0,0,1,0,0,0,1);es="Linear";ed="In";};["Right Arm"]={cf=cfr(0,0,0,1,0,0,0,1,0,0,0,1);es="Linear";ed="In";};["Head"]={cf=cfr(0,0,0,1,0,0,0,1,0,0,0,1);es="Linear";ed="In";};["Right Leg"]={cf=cfr(0,0,0,1,0,0,0,1,0,0,0,1);es="Linear";ed="In";};["Left Arm"]={cf=cfr(0,0,0,1,0,0,0,1,0,0,0,1);es="Linear";ed="In";};};{tm=.033;["Torso"]={cf=cfr(0,-.036,-.202,1,0,0,0,.999,-.034,0,.034,.999);es="Linear";ed="In";};["Left Leg"]={cf=cfr(0,0,0,1,.029,0,-.029,1,0,0,0,1);es="Linear";ed="In";};["Right Arm"]={cf=cfr(0,0,0,.676,-.735,.051,.731,.677,.083,-.096,-.019,.995);es="Linear";ed="In";};["Head"]={cf=cfr(0,0,0,1,0,0,0,.998,-.07,0,.07,.998);es="Linear";ed="In";};["Right Leg"]={cf=cfr(0,0,0,1,-.019,0,.019,1,0,0,0,1);es="Linear";ed="In";};["Left Arm"]={cf=cfr(0,0,0,.534,.793,-.293,-.805,.583,.111,.259,.176,.95);es="Linear";ed="In";};};{tm=.133;["Torso"]={cf=cfr(0,-.036,-.202,1,0,0,0,.812,-.583,0,.583,.812);es="Linear";ed="In";};["Left Leg"]={cf=cfr(0,0,0,.996,.087,0,-.087,.996,0,0,0,1);es="Linear";ed="In";};["Right Arm"]={cf=cfr(0,0,0,.297,-.954,.051,.95,.3,.083,-.095,.024,.995);es="Linear";ed="In";};["Head"]={cf=cfr(0,0,0,1,0,0,0,.935,-.354,0,.354,.935);es="Linear";ed="In";};["Right Leg"]={cf=cfr(0,0,0,.746,-.666,0,.666,.746,0,0,0,1);es="Linear";ed="In";};["Left Arm"]={cf=cfr(0,0,0,.291,.911,-.293,-.936,.335,.111,.199,.242,.95);es="Linear";ed="In";};};{tm=.167;["Torso"]={cf=cfr(0,-.036,-.202,1,0,0,0,.817,-.577,0,.577,.817);es="Linear";ed="In";};["Left Leg"]={cf=cfr(0,0,0,.996,.086,0,-.086,.996,0,0,0,1);es="Linear";ed="In";};["Right Arm"]={cf=cfr(0,0,0,.302,-.952,.051,.948,.306,.083,-.095,.024,.995);es="Linear";ed="In";};["Head"]={cf=cfr(0,0,0,1,0,0,0,.937,-.35,0,.35,.937);es="Linear";ed="In";};["Right Leg"]={cf=cfr(0,0,0,.752,-.659,0,.659,.752,0,0,0,1);es="Linear";ed="In";};["Left Arm"]={cf=cfr(0,0,0,.295,.91,-.293,-.934,.338,.111,.2,.241,.95);es="Linear";ed="In";};};{tm=.2;["Torso"]={cf=cfr(0,-.036,-.202,1,0,0,0,.822,-.57,0,.57,.822);es="Linear";ed="In";};["Left Leg"]={cf=cfr(0,0,0,.996,.085,0,-.085,.996,0,0,0,1);es="Linear";ed="In";};["Right Arm"]={cf=cfr(0,0,0,.308,-.95,.051,.947,.311,.083,-.095,.023,.995);es="Linear";ed="In";};["Head"]={cf=cfr(0,0,0,1,0,0,0,.938,-.347,0,.347,.938);es="Linear";ed="In";};["Right Leg"]={cf=cfr(0,0,0,.759,-.651,0,.651,.759,0,0,0,1);es="Linear";ed="In";};["Left Arm"]={cf=cfr(0,0,0,.298,.909,-.293,-.933,.342,.111,.201,.24,.95);es="Linear";ed="In";};};{tm=.267;["Torso"]={cf=cfr(0,-.036,-.202,1,0,0,0,.848,-.53,0,.53,.848);es="Linear";ed="In";};["Left Leg"]={cf=cfr(0,0,0,.997,.081,0,-.081,.997,0,0,0,1);es="Linear";ed="In";};["Right Arm"]={cf=cfr(0,0,0,.342,-.938,.051,.935,.345,.083,-.096,.02,.995);es="Linear";ed="In";};["Head"]={cf=cfr(0,0,0,1,0,0,0,.946,-.324,0,.324,.946);es="Linear";ed="In";};["Right Leg"]={cf=cfr(0,0,0,.795,-.607,0,.607,.795,0,0,0,1);es="Linear";ed="In";};["Left Arm"]={cf=cfr(0,0,0,.319,.901,-.293,-.925,.363,.111,.206,.236,.95);es="Linear";ed="In";};};}
