-- // converted using mech's animoduler
local cfr = CFrame.new

return {{tm=0;["Torso"]={cf=cfr(0,0,0,1,0,0,0,.987,.162,0,-.162,.987);es="Linear";ed="In";};["Head"]={cf=cfr(0,0,0,1,0,0,0,.996,.088,0,-.088,.996);es="Linear";ed="In";};["Left Leg"]={cf=cfr(0,0,0,.972,-.235,0,.235,.972,0,0,0,1);es="Linear";ed="In";};["Right Arm"]={cf=cfr(0,0,0,.995,-.094,-.01,.095,.99,.102,0,-.102,.995);es="Linear";ed="In";};["Right Leg"]={cf=cfr(0,0,0,.999,.048,0,-.048,.999,0,0,0,1);es="Linear";ed="In";};["Left Arm"]={cf=cfr(0,0,0,1,0,0,0,.978,.208,0,-.208,.978);es="Linear";ed="In";};};{tm=.183;["Torso"]={cf=cfr(0,0,0,1,0,0,0,.957,.291,0,-.291,.957);es="Linear";ed="In";};["Head"]={cf=cfr(0,0,0,1,0,0,0,.974,.227,0,-.227,.974);es="Linear";ed="In";};["Left Leg"]={cf=cfr(0,0,0,.972,-.235,0,.235,.972,0,0,0,1);es="Linear";ed="In";};["Right Arm"]={cf=cfr(0,0,0,.995,-.087,-.038,.095,.911,.402,0,-.404,.915);es="Linear";ed="In";};["Right Leg"]={cf=cfr(0,0,0,.997,-.081,0,.081,.997,0,0,0,1);es="Linear";ed="In";};["Left Arm"]={cf=cfr(0,0,0,1,0,0,0,.856,.517,0,-.517,.856);es="Linear";ed="In";};};}