-- // converted using mech's animoduler
local cfr = CFrame.new

return {{tm=0;["Torso"]={cf=cfr(0,-.036,-.202,1,0,0,0,.999,-.034,0,.034,.999);es="Linear";ed="In";};["Head"]={cf=cfr(0,0,0,1,0,0,0,.998,-.07,0,.07,.998);es="Linear";ed="In";};["Left Leg"]={cf=cfr(0,0,0,1,.029,0,-.029,1,0,0,0,1);es="Linear";ed="In";};["Right Arm"]={cf=cfr(0,0,0,.676,-.735,.051,.731,.677,.083,-.096,-.019,.995);es="Linear";ed="In";};["Right Leg"]={cf=cfr(0,0,0,1,-.019,0,.019,1,0,0,0,1);es="Linear";ed="In";};["Left Arm"]={cf=cfr(0,0,0,.534,.793,-.293,-.805,.583,.111,.259,.176,.95);es="Linear";ed="In";};};{tm=.183;["Torso"]={cf=cfr(0,-.036,-.202,1,0,0,0,.812,-.583,0,.583,.812);es="Linear";ed="In";};["Head"]={cf=cfr(0,0,0,1,0,0,0,.935,-.354,0,.354,.935);es="Linear";ed="In";};["Left Leg"]={cf=cfr(0,0,0,.996,.087,0,-.087,.996,0,0,0,1);es="Linear";ed="In";};["Right Arm"]={cf=cfr(0,0,0,.297,-.954,.051,.95,.3,.083,-.095,.024,.995);es="Linear";ed="In";};["Right Leg"]={cf=cfr(0,0,0,.746,-.666,0,.666,.746,0,0,0,1);es="Linear";ed="In";};["Left Arm"]={cf=cfr(0,0,0,.291,.911,-.293,-.936,.335,.111,.199,.242,.95);es="Linear";ed="In";};};}