-- // converted using mech's animoduler
local cfr = CFrame.new

return {{tm=0;["Torso"]={cf=cfr(0,0,0,1,0,0,0,1,0,0,0,1);es="Linear";ed="In";};["Left Leg"]={cf=cfr(0,0,0,1,0,0,0,1,0,0,0,1);es="Linear";ed="In";};["Right Arm"]={cf=cfr(0,0,0,1,0,0,0,1,0,0,0,1);es="Linear";ed="In";};["Head"]={cf=cfr(0,0,0,1,0,0,0,1,0,0,0,1);es="Linear";ed="In";};["Left Arm"]={cf=cfr(0,0,0,1,0,0,0,1,0,0,0,1);es="Linear";ed="In";};["Right Leg"]={cf=cfr(0,0,0,1,0,0,0,1,0,0,0,1);es="Linear";ed="In";};};{tm=.033;["Torso"]={cf=cfr(0,0,0,1,0,0,0,.987,.162,0,-.162,.987);es="Linear";ed="In";};["Left Leg"]={cf=cfr(0,0,0,.972,-.235,0,.235,.972,0,0,0,1);es="Linear";ed="In";};["Right Arm"]={cf=cfr(0,0,0,.995,-.094,-.01,.095,.99,.102,0,-.102,.995);es="Linear";ed="In";};["Head"]={cf=cfr(0,0,0,1,0,0,0,.996,.088,0,-.088,.996);es="Linear";ed="In";};["Left Arm"]={cf=cfr(0,0,0,1,0,0,0,.978,.208,0,-.208,.978);es="Linear";ed="In";};["Right Leg"]={cf=cfr(0,0,0,.999,.048,0,-.048,.999,0,0,0,1);es="Linear";ed="In";};};{tm=.133;["Torso"]={cf=cfr(0,0,0,1,0,0,0,.957,.291,0,-.291,.957);es="Linear";ed="In";};["Left Leg"]={cf=cfr(0,0,0,.972,-.235,0,.235,.972,0,0,0,1);es="Linear";ed="In";};["Right Arm"]={cf=cfr(0,0,0,.995,-.087,-.038,.095,.911,.402,0,-.404,.915);es="Linear";ed="In";};["Head"]={cf=cfr(0,0,0,1,0,0,0,.974,.227,0,-.227,.974);es="Linear";ed="In";};["Left Arm"]={cf=cfr(0,0,0,1,0,0,0,.856,.517,0,-.517,.856);es="Linear";ed="In";};["Right Leg"]={cf=cfr(0,0,0,.997,-.081,0,.081,.997,0,0,0,1);es="Linear";ed="In";};};{tm=.167;["Torso"]={cf=cfr(0,0,0,1,0,0,0,.967,.255,0,-.255,.967);es="Linear";ed="In";};["Left Leg"]={cf=cfr(0,0,0,.979,-.206,0,.206,.979,0,0,0,1);es="Linear";ed="In";};["Right Arm"]={cf=cfr(0,0,0,.997,-.077,-.031,.083,.931,.354,.002,-.356,.935);es="Linear";ed="In";};["Head"]={cf=cfr(0,0,0,1,0,0,0,.98,.199,0,-.199,.98);es="Linear";ed="In";};["Left Arm"]={cf=cfr(0,0,0,1,0,0,0,.889,.458,0,-.458,.889);es="Linear";ed="In";};["Right Leg"]={cf=cfr(0,0,0,.997,-.071,0,.071,.997,0,0,0,1);es="Linear";ed="In";};};{tm=.2;["Torso"]={cf=cfr(0,0,0,1,0,0,0,.976,.22,0,-.22,.976);es="Linear";ed="In";};["Left Leg"]={cf=cfr(0,0,0,.984,-.177,0,.177,.984,0,0,0,1);es="Linear";ed="In";};["Right Arm"]={cf=cfr(0,0,0,.997,-.067,-.025,.071,.949,.306,.004,-.307,.952);es="Linear";ed="In";};["Head"]={cf=cfr(0,0,0,1,0,0,0,.985,.171,0,-.171,.985);es="Linear";ed="In";};["Left Arm"]={cf=cfr(0,0,0,1,0,0,0,.918,.396,0,-.396,.918);es="Linear";ed="In";};["Right Leg"]={cf=cfr(0,0,0,.998,-.061,0,.061,.998,0,0,0,1);es="Linear";ed="In";};};{tm=.267;["Torso"]={cf=cfr(0,0,0,1,0,0,0,1,0,0,0,1);es="Linear";ed="In";};["Left Leg"]={cf=cfr(0,0,0,1,0,0,0,1,0,0,0,1);es="Linear";ed="In";};["Right Arm"]={cf=cfr(0,0,0,1,0,0,0,1,0,0,0,1);es="Linear";ed="In";};["Head"]={cf=cfr(0,0,0,1,0,0,0,1,0,0,0,1);es="Linear";ed="In";};["Left Arm"]={cf=cfr(0,0,0,1,0,0,0,1,0,0,0,1);es="Linear";ed="In";};["Right Leg"]={cf=cfr(0,0,0,1,0,0,0,1,0,0,0,1);es="Linear";ed="In";};};}
