-- // converted using mech's animoduler
local cfr = CFrame.new

return {{tm=0;["Torso"]={cf=cfr(0,0,0,1,0,0,0,1,0,0,0,1);es="Linear";ed="In";};["Left Leg"]={cf=cfr(0,0,0,1,0,0,0,1,0,0,0,1);es="Linear";ed="In";};["Right Arm"]={cf=cfr(0,0,0,1,0,0,0,1,0,0,0,1);es="Linear";ed="In";};["Head"]={cf=cfr(0,0,0,1,0,0,0,1,0,0,0,1);es="Linear";ed="In";};["Right Leg"]={cf=cfr(0,0,0,1,0,0,0,1,0,0,0,1);es="Linear";ed="In";};["Left Arm"]={cf=cfr(0,0,0,1,0,0,0,1,0,0,0,1);es="Linear";ed="In";};};{tm=.117;["Left Arm"]={cf=cfr(.074,-.078,-.076,.871,.289,.397,-.34,.938,.062,-.355,-.189,.916);es="Linear";ed="In";};};{tm=.167;["Left Leg"]={cf=cfr(.132,-.151,.121,.817,-.22,.533,.27,.963,-.015,-.509,.156,.846);es="Linear";ed="In";};["Head"]={cf=cfr(.019,.018,-.002,.969,.218,.119,-.231,.967,.11,-.091,-.134,.987);es="Linear";ed="In";};};{tm=.183;["Right Leg"]={cf=cfr(.632,.246,.223,.854,.438,-.282,-.457,.889,-.005,.249,.133,.959);es="Linear";ed="In";};};{tm=.217;["Left Arm"]={cf=cfr(.125,-.074,-.071,.889,.375,.264,-.399,.916,.042,-.226,-.143,.964);es="Linear";ed="In";};};{tm=.233;["Torso"]={cf=cfr(0,-.074,-.003,.957,-.29,0,.289,.953,-.092,.027,.088,.996);es="Linear";ed="In";};};{tm=.25;["Right Arm"]={cf=cfr(.102,-.076,.178,.919,-.188,.347,.127,.973,.192,-.373,-.132,.918);es="Linear";ed="In";};};{tm=.283;["Head"]={cf=cfr(.019,.011,-.001,.852,.52,.065,-.521,.853,.011,-.05,-.043,.998);es="Linear";ed="In";};};{tm=.317;["Right Leg"]={cf=cfr(.598,-.368,0,.484,.875,0,-.875,.484,0,0,0,1);es="Linear";ed="In";};["Left Arm"]={cf=cfr(.058,-.084,-.026,.858,.514,-.015,-.512,.857,.064,.046,-.047,.998);es="Linear";ed="In";};};{tm=.333;["Left Leg"]={cf=cfr(.261,-.047,.049,.604,-.414,.681,.346,.906,.243,-.718,.089,.69);es="Linear";ed="In";};["Left Arm"]={cf=cfr(.044,-.077,.013,.847,.514,-.137,-.503,.858,.104,.171,-.02,.985);es="Linear";ed="In";};};{tm=.35;["Left Arm"]={cf=cfr(.026,-.069,.044,.831,.501,-.241,-.481,.866,.139,.278,0,.96);es="Linear";ed="In";};};{tm=.367;["Torso"]={cf=cfr(-.3,-.329,-.186,.691,-.723,-.003,.704,.673,-.226,.165,.154,.974);es="Linear";ed="In";};["Head"]={cf=cfr(.033,.031,-.005,.712,.7,.059,-.701,.713,.008,-.036,-.047,.998);es="Linear";ed="In";};["Left Arm"]={cf=cfr(.073,-.071,.139,.812,.483,-.328,-.453,.875,.168,.369,.012,.93);es="Linear";ed="In";};};{tm=.383;["Left Arm"]={cf=cfr(-.009,-.053,.088,.788,.468,-.399,-.427,.883,.192,.443,.019,.896);es="Linear";ed="In";};};{tm=.4;["Left Arm"]={cf=cfr(-.021,-.047,.104,.761,.461,-.457,-.411,.887,.212,.503,.026,.864);es="Linear";ed="In";};};{tm=.417;["Left Arm"]={cf=cfr(-.028,-.044,.119,.728,.468,-.502,-.411,.883,.227,.549,.04,.835);es="Linear";ed="In";};};{tm=.433;["Left Arm"]={cf=cfr(-.028,-.043,.135,.687,.491,-.536,-.434,.869,.239,.583,.068,.81);es="Linear";ed="In";};};{tm=.45;["Left Arm"]={cf=cfr(-.02,-.047,.155,.634,.533,-.561,-.486,.838,.248,.602,.115,.79);es="Linear";ed="In";};};{tm=.467;["Left Arm"]={cf=cfr(-.004,-.056,.18,.56,.594,-.578,-.568,.783,.254,.603,.186,.776);es="Linear";ed="In";};};{tm=.483;["Head"]={cf=cfr(0,0,0,.748,.663,.014,-.663,.748,-.025,-.027,.009,1);es="Linear";ed="In";};["Right Leg"]={cf=cfr(.163,.201,.034,.888,.041,-.458,.021,.991,.128,.459,-.124,.88);es="Linear";ed="In";};["Left Arm"]={cf=cfr(.02,-.074,.212,.454,.669,-.588,-.679,.687,.258,.577,.283,.767);es="Linear";ed="In";};};{tm=.5;["Torso"]={cf=cfr(-.346,-.282,-.175,.691,-.723,.02,.714,.677,-.181,.117,.139,.983);es="Linear";ed="In";};["Left Leg"]={cf=cfr(-.16,-.052,.342,.825,-.314,.469,.253,.949,.19,-.505,-.038,.862);es="Linear";ed="In";};["Head"]={cf=cfr(.024,.028,-.003,.748,.663,.014,-.663,.748,-.025,-.027,.009,1);es="Linear";ed="In";};["Left Arm"]={cf=cfr(.105,-.11,.296,.313,.742,-.593,-.798,.544,.259,.515,.392,.762);es="Linear";ed="In";};};{tm=.517;["Right Arm"]={cf=cfr(-.119,-.09,.103,.901,-.324,.287,.257,.934,.25,-.349,-.151,.925);es="Linear";ed="In";};["Head"]={cf=cfr(0,0,0,.748,.663,.014,-.663,.748,-.025,-.027,.009,1);es="Linear";ed="In";};["Left Arm"]={cf=cfr(.063,-.13,.271,.195,.78,-.594,-.872,.415,.258,.448,.468,.762);es="Linear";ed="In";};};{tm=.533;["Head"]={cf=cfr(0,0,0,.748,.663,.014,-.663,.748,-.025,-.027,.009,1);es="Linear";ed="In";};["Left Arm"]={cf=cfr(.073,-.15,.284,.112,.798,-.593,-.912,.319,.257,.394,.512,.763);es="Linear";ed="In";};};{tm=.55;["Head"]={cf=cfr(0,0,0,.748,.663,.014,-.663,.748,-.025,-.027,.009,1);es="Linear";ed="In";};["Left Arm"]={cf=cfr(.08,-.164,.291,.061,.806,-.588,-.932,.257,.255,.356,.533,.767);es="Linear";ed="In";};};{tm=.567;["Head"]={cf=cfr(0,0,0,.748,.663,.014,-.663,.748,-.025,-.027,.009,1);es="Linear";ed="In";};["Left Arm"]={cf=cfr(.085,-.172,.292,.036,.812,-.582,-.942,.223,.252,.335,.539,.773);es="Linear";ed="In";};};{tm=.583;["Head"]={cf=cfr(0,0,0,.748,.663,.014,-.663,.748,-.025,-.027,.009,1);es="Linear";ed="In";};["Left Arm"]={cf=cfr(.088,-.175,.289,.032,.817,-.575,-.945,.213,.249,.326,.535,.779);es="Linear";ed="In";};};{tm=.6;["Head"]={cf=cfr(0,0,0,.748,.663,.014,-.663,.748,-.025,-.027,.009,1);es="Linear";ed="In";};["Left Arm"]={cf=cfr(.091,-.174,.284,.043,.822,-.567,-.944,.22,.247,.328,.525,.786);es="Linear";ed="In";};};{tm=.617;["Head"]={cf=cfr(0,0,0,.748,.663,.014,-.663,.748,-.025,-.027,.009,1);es="Linear";ed="In";};["Left Arm"]={cf=cfr(.093,-.172,.277,.062,.826,-.56,-.94,.237,.245,.334,.511,.792);es="Linear";ed="In";};};{tm=.633;["Head"]={cf=cfr(0,0,0,.748,.663,.014,-.663,.748,-.025,-.027,.009,1);es="Linear";ed="In";};["Left Arm"]={cf=cfr(.094,-.168,.272,.084,.828,-.554,-.936,.257,.243,.343,.498,.796);es="Linear";ed="In";};};{tm=.65;["Head"]={cf=cfr(0,0,0,.748,.663,.014,-.663,.748,-.025,-.027,.009,1);es="Linear";ed="In";};["Left Arm"]={cf=cfr(.094,-.165,.267,.102,.829,-.55,-.931,.274,.241,.351,.487,.8);es="Linear";ed="In";};};{tm=.667;["Head"]={cf=cfr(0,0,0,.748,.663,.014,-.663,.748,-.025,-.027,.009,1);es="Linear";ed="In";};["Left Arm"]={cf=cfr(.094,-.164,.265,.109,.829,-.548,-.929,.281,.241,.354,.483,.801);es="Linear";ed="In";};};{tm=.683;["Head"]={cf=cfr(0,0,0,.748,.663,.014,-.663,.748,-.025,-.027,.009,1);es="Linear";ed="In";};};{tm=.7;["Torso"]={cf=cfr(-.342,-.235,-.17,.691,-.723,.006,.716,.684,-.138,.096,.1,.99);es="Linear";ed="In";};["Left Leg"]={cf=cfr(-.186,-.028,.37,.794,-.389,.468,.312,.92,.236,-.523,-.042,.852);es="Linear";ed="In";};["Head"]={cf=cfr(.019,.02,-.002,.748,.663,.014,-.663,.748,-.025,-.027,.009,1);es="Linear";ed="In";};["Right Leg"]={cf=cfr(-.163,.145,-.029,.705,.008,-.709,.037,.998,.048,.708,-.059,.704);es="Linear";ed="In";};};{tm=.717;["Head"]={cf=cfr(0,0,0,.748,.663,.014,-.663,.748,-.025,-.027,.009,1);es="Linear";ed="In";};};{tm=.733;["Head"]={cf=cfr(0,0,0,.748,.663,.014,-.663,.748,-.025,-.027,.009,1);es="Linear";ed="In";};};{tm=.75;["Head"]={cf=cfr(0,0,0,.748,.663,.014,-.663,.748,-.025,-.027,.009,1);es="Linear";ed="In";};};{tm=.767;["Head"]={cf=cfr(0,0,0,.748,.663,.014,-.663,.748,-.025,-.027,.009,1);es="Linear";ed="In";};};{tm=.783;["Head"]={cf=cfr(0,0,0,.748,.663,.014,-.663,.748,-.025,-.027,.009,1);es="Linear";ed="In";};};{tm=.8;["Head"]={cf=cfr(0,0,0,.748,.663,.014,-.663,.748,-.025,-.027,.009,1);es="Linear";ed="In";};["Left Arm"]={cf=cfr(.03,-.129,.173,.37,.839,-.398,-.847,.481,.225,.38,.254,.889);es="Linear";ed="In";};};{tm=.817;["Head"]={cf=cfr(0,0,0,.748,.663,.014,-.663,.748,-.025,-.027,.009,1);es="Linear";ed="In";};["Left Arm"]={cf=cfr(.032,-.129,.173,.37,.84,-.397,-.848,.48,.226,.38,.253,.89);es="Linear";ed="In";};};{tm=.833;["Head"]={cf=cfr(0,0,0,.748,.663,.014,-.663,.748,-.025,-.027,.009,1);es="Linear";ed="In";};["Left Arm"]={cf=cfr(.035,-.128,.175,.368,.842,-.394,-.849,.477,.227,.379,.251,.891);es="Linear";ed="In";};};{tm=.85;["Head"]={cf=cfr(0,0,0,.74,.673,.01,-.673,.74,-.022,-.022,.009,1);es="Linear";ed="In";};["Left Arm"]={cf=cfr(.039,-.128,.177,.364,.845,-.391,-.851,.472,.228,.378,.25,.892);es="Linear";ed="In";};};{tm=.867;["Head"]={cf=cfr(0,0,0,.732,.681,.007,-.681,.732,-.018,-.018,.009,1);es="Linear";ed="In";};["Left Arm"]={cf=cfr(.043,-.13,.179,.356,.85,-.388,-.856,.463,.23,.375,.25,.893);es="Linear";ed="In";};};{tm=.883;["Head"]={cf=cfr(0,0,0,.725,.688,.004,-.688,.725,-.016,-.014,.009,1);es="Linear";ed="In";};["Left Arm"]={cf=cfr(.047,-.134,.182,.344,.856,-.386,-.862,.451,.23,.371,.254,.893);es="Linear";ed="In";};};{tm=.9;["Head"]={cf=cfr(0,0,0,.72,.694,.002,-.694,.72,-.014,-.011,.009,1);es="Linear";ed="In";};["Left Arm"]={cf=cfr(.049,-.141,.185,.327,.862,-.387,-.871,.434,.23,.366,.262,.893);es="Linear";ed="In";};};{tm=.917;["Right Arm"]={cf=cfr(-.131,-.082,.095,.958,-.228,.177,.177,.948,.265,-.228,-.222,.948);es="Linear";ed="In";};["Head"]={cf=cfr(0,0,0,.715,.699,0,-.699,.715,-.012,-.008,.009,1);es="Linear";ed="In";};["Left Arm"]={cf=cfr(.049,-.152,.187,.304,.869,-.391,-.883,.411,.228,.359,.275,.892);es="Linear";ed="In";};};{tm=.933;["Torso"]={cf=cfr(-.346,-.282,-.175,.691,-.723,.02,.714,.677,-.181,.117,.139,.983);es="Linear";ed="In";};["Left Leg"]={cf=cfr(-.162,-.056,.34,.827,-.311,.468,.254,.95,.184,-.502,-.033,.864);es="Linear";ed="In";};["Head"]={cf=cfr(.024,.028,-.003,.711,.703,-.002,-.703,.711,-.01,-.006,.009,1);es="Linear";ed="In";};["Right Leg"]={cf=cfr(-.149,.161,-.018,.706,-.054,-.706,.101,.995,.025,.701,-.089,.708);es="Linear";ed="In";};["Left Arm"]={cf=cfr(.104,-.175,.239,.274,.875,-.398,-.896,.382,.225,.349,.295,.889);es="Linear";ed="In";};};{tm=.95;["Head"]={cf=cfr(0,0,0,.708,.706,-.003,-.706,.708,-.009,-.004,.008,1);es="Linear";ed="In";};["Left Arm"]={cf=cfr(.036,-.19,.189,.236,.881,-.411,-.912,.347,.219,.336,.323,.885);es="Linear";ed="In";};};{tm=.967;["Left Arm"]={cf=cfr(.023,-.217,.188,.191,.883,-.429,-.929,.304,.212,.317,.358,.878);es="Linear";ed="In";};};{tm=.983;["Left Arm"]={cf=cfr(.002,-.252,.185,.138,.88,-.454,-.946,.252,.202,.292,.402,.868);es="Linear";ed="In";};};{tm=1;["Left Arm"]={cf=cfr(-.019,-.286,.18,.085,.874,-.479,-.961,.199,.192,.263,.444,.856);es="Linear";ed="In";};};{tm=1.233;["Torso"]={cf=cfr(0,0,0,1,0,0,0,1,0,0,0,1);es="Linear";ed="In";};["Left Leg"]={cf=cfr(0,0,0,1,0,0,0,1,0,0,0,1);es="Linear";ed="In";};["Right Arm"]={cf=cfr(0,0,0,1,0,0,0,1,0,0,0,1);es="Linear";ed="In";};["Head"]={cf=cfr(0,0,0,1,0,0,0,1,0,0,0,1);es="Linear";ed="In";};["Right Leg"]={cf=cfr(0,0,0,1,0,0,0,1,0,0,0,1);es="Linear";ed="In";};["Left Arm"]={cf=cfr(0,0,0,1,0,0,0,1,0,0,0,1);es="Linear";ed="In";};};}