-- // converted using mech's animoduler
local cfr = CFrame.new

return {{tm=0;["Torso"]={cf=cfr(0,0,0,1,0,0,0,1,0,0,0,1);es="Linear";ed="In";};["Head"]={cf=cfr(0,0,0,1,0,0,0,1,0,0,0,1);es="Linear";ed="In";};["Right Arm"]={cf=cfr(0,0,0,1,0,0,0,1,0,0,0,1);es="Linear";ed="In";};["Left Arm"]={cf=cfr(0,0,0,1,0,0,0,1,0,0,0,1);es="Linear";ed="In";};};{tm=.033;["Right Arm"]={cf=cfr(.002,0,0,1,-.008,.008,.008,1,-.007,-.008,.007,1);es="Linear";ed="In";};["Left Arm"]={cf=cfr(0,-.001,-.001,1,.007,-.007,-.007,1,-.006,.007,.006,1);es="Linear";ed="In";};};{tm=.133;["Right Arm"]={cf=cfr(.027,0,.001,.987,-.111,.12,.122,.988,-.093,-.108,.107,.988);es="Linear";ed="In";};["Left Arm"]={cf=cfr(.005,-.014,-.011,.989,.101,-.105,-.11,.991,-.077,.097,.087,.991);es="Linear";ed="In";};};{tm=.2;["Right Arm"]={cf=cfr(.056,-.001,.003,.938,-.221,.268,.274,.945,-.18,-.214,.242,.946);es="Linear";ed="In";};["Left Arm"]={cf=cfr(.01,-.029,-.023,.954,.201,-.222,-.236,.961,-.143,.184,.188,.965);es="Linear";ed="In";};};{tm=.433;["Right Arm"]={cf=cfr(.184,-.014,.029,.317,-.36,.878,.905,.391,-.167,-.283,.847,.449);es="Linear";ed="In";};["Left Arm"]={cf=cfr(.039,-.095,-.075,.539,.483,-.69,-.78,.596,-.192,.318,.641,.698);es="Linear";ed="In";};};{tm=.5;["Right Arm"]={cf=cfr(.216,-.022,.044,.138,-.303,.943,.971,.229,-.069,-.195,.925,.326);es="Linear";ed="In";};["Left Arm"]={cf=cfr(.049,-.111,-.088,.369,.515,-.773,-.889,.438,-.133,.27,.737,.62);es="Linear";ed="In";};};{tm=.6;["Right Arm"]={cf=cfr(.241,-.043,.086,.007,-.267,.964,.997,.073,.013,-.073,.961,.267);es="Linear";ed="In";};["Left Arm"]={cf=cfr(.059,-.124,-.098,.081,.54,-.838,-.994,.1,-.031,.067,.835,.545);es="Linear";ed="In";};};{tm=.667;["Head"]={cf=cfr(0,0,0,1,0,0,0,1,0,0,0,1);es="Linear";ed="In";};["Right Arm"]={cf=cfr(.241,-.043,.086,.006,-.267,.964,.998,.058,.01,-.058,.962,.267);es="Linear";ed="In";};["Left Arm"]={cf=cfr(.059,-.124,-.098,.082,.54,-.838,-.996,.077,-.047,.039,.838,.544);es="Linear";ed="In";};};{tm=.7;["Torso"]={cf=cfr(0,0,0,1,0,0,0,1,0,0,0,1);es="Linear";ed="In";};["Head"]={cf=cfr(0,0,0,1,0,0,0,1,-.001,0,.001,1);es="Linear";ed="In";};["Right Arm"]={cf=cfr(.221,-.05,.097,.012,-.399,.917,.996,.089,.026,-.092,.912,.399);es="Linear";ed="In";};["Left Arm"]={cf=cfr(.06,-.058,-.083,-.009,.636,-.771,-1,-.027,-.011,-.028,.771,.636);es="Linear";ed="In";};};{tm=.733;["Torso"]={cf=cfr(0,0,0,1,0,0,0,1,-.001,0,.001,1);es="Linear";ed="In";};["Head"]={cf=cfr(0,0,0,1,0,0,0,1,-.01,0,.01,1);es="Linear";ed="In";};["Right Arm"]={cf=cfr(.174,-.065,.123,.05,-.708,.704,.984,.157,.088,-.173,.688,.705);es="Linear";ed="In";};["Left Arm"]={cf=cfr(.06,.098,-.045,-.277,.792,-.544,-.95,-.312,.029,-.147,.525,.839);es="Linear";ed="In";};};{tm=.8;["Torso"]={cf=cfr(0,0,0,1,0,0,0,1,-.005,0,.005,1);es="Linear";ed="In";};["Head"]={cf=cfr(0,0,0,1,0,0,0,.997,-.082,0,.082,.997);es="Linear";ed="In";};["Right Arm"]={cf=cfr(.071,-.097,.181,.256,-.944,-.207,.933,.185,.308,-.252,-.272,.929);es="Linear";ed="In";};["Left Arm"]={cf=cfr(.062,.442,.037,-.845,.527,.093,-.535,-.824,-.185,-.021,-.206,.978);es="Linear";ed="In";};};{tm=.867;["Head"]={cf=cfr(0,0,0,1,0,0,0,.989,-.151,0,.151,.989);es="Linear";ed="In";};["Right Arm"]={cf=cfr(.052,-.104,.192,.351,-.709,-.611,.919,.137,.369,-.178,-.692,.7);es="Linear";ed="In";};["Left Arm"]={cf=cfr(.062,.508,.053,-.947,.226,.228,-.282,-.925,-.253,.154,-.304,.94);es="Linear";ed="In";};};{tm=.967;["Head"]={cf=cfr(0,0,0,1,0,0,0,.985,-.175,0,.175,.985);es="Linear";ed="In";};["Right Arm"]={cf=cfr(.052,-.104,.192,.37,-.626,-.687,.921,.148,.361,-.125,-.766,.631);es="Linear";ed="In";};["Left Arm"]={cf=cfr(.062,.508,.053,-.964,.123,.234,-.175,-.961,-.216,.199,-.249,.948);es="Linear";ed="In";};};{tm=1.4;["Head"]={cf=cfr(0,0,0,1,0,0,0,.975,-.222,0,.222,.975);es="Linear";ed="In";};["Right Arm"]={cf=cfr(.052,-.104,.192,.379,-.606,-.699,.917,.145,.371,-.124,-.782,.611);es="Linear";ed="In";};["Left Arm"]={cf=cfr(.062,.508,.053,-.968,.061,.243,-.112,-.972,-.205,.224,-.226,.948);es="Linear";ed="In";};};{tm=1.667;["Torso"]={cf=cfr(0,0,0,1,0,0,0,1,-.014,0,.014,1);es="Linear";ed="In";};["Head"]={cf=cfr(0,0,0,1,0,0,0,.974,-.225,0,.225,.974);es="Linear";ed="In";};["Right Arm"]={cf=cfr(.052,-.104,.192,.378,-.604,-.702,.917,.142,.372,-.125,-.784,.607);es="Linear";ed="In";};["Left Arm"]={cf=cfr(.062,.508,.053,-.968,.053,.245,-.105,-.974,-.203,.227,-.222,.948);es="Linear";ed="In";};};{tm=1.833;["Torso"]={cf=cfr(0,0,0,1,.001,0,-.001,1,-.002,0,.002,1);es="Linear";ed="In";};["Head"]={cf=cfr(0,0,0,1,0,0,0,.977,-.213,0,.213,.977);es="Linear";ed="In";};["Right Arm"]={cf=cfr(.058,-.103,.184,.364,-.626,-.689,.922,.139,.361,-.13,-.767,.628);es="Linear";ed="In";};["Left Arm"]={cf=cfr(.056,.495,.048,-.967,.083,.239,-.131,-.972,-.193,.216,-.218,.952);es="Linear";ed="In";};};{tm=1.9;["Torso"]={cf=cfr(0,0,0,1,.001,0,-.001,1,.007,0,-.007,1);es="Linear";ed="In";};["Head"]={cf=cfr(0,0,0,1,0,0,0,.979,-.204,0,.204,.979);es="Linear";ed="In";};["Right Arm"]={cf=cfr(.106,-.101,.129,.277,-.774,-.569,.95,.131,.284,-.146,-.619,.772);es="Linear";ed="In";};["Left Arm"]={cf=cfr(.006,.411,.013,-.939,.289,.188,-.318,-.936,-.153,.132,-.203,.97);es="Linear";ed="In";};};{tm=2.033;["Torso"]={cf=cfr(0,0,0,1,.002,0,-.002,1,.028,0,-.028,1);es="Linear";ed="In";};["Head"]={cf=cfr(0,0,0,1,0,0,0,.983,-.182,0,.182,.983);es="Linear";ed="In";};["Right Arm"]={cf=cfr(.281,-.095,-.059,-.01,-.996,.085,.999,-.007,.036,-.036,.085,.996);es="Linear";ed="In";};["Left Arm"]={cf=cfr(-.18,.125,-.111,-.538,.838,-.097,-.834,-.545,-.089,-.127,.033,.991);es="Linear";ed="In";};};{tm=2.133;["Torso"]={cf=cfr(0,0,0,1,.003,0,-.003,.999,.043,0,-.043,.999);es="Linear";ed="In";};["Head"]={cf=cfr(0,0,0,1,0,0,0,.986,-.168,0,.168,.986);es="Linear";ed="In";};["Right Arm"]={cf=cfr(.419,-.091,-.174,-.078,-.853,.517,.989,-.133,-.07,.128,.506,.853);es="Linear";ed="In";};["Left Arm"]={cf=cfr(-.334,-.051,-.2,-.124,.912,-.391,-.973,-.19,-.134,-.197,.364,.91);es="Linear";ed="In";};};{tm=2.2;["Torso"]={cf=cfr(0,0,0,1,.003,0,-.003,.999,.05,0,-.05,.999);es="Linear";ed="In";};["Head"]={cf=cfr(0,0,0,1,0,0,0,.987,-.16,0,.16,.987);es="Linear";ed="In";};["Right Arm"]={cf=cfr(.486,-.09,-.2,-.04,-.785,.618,.985,-.136,-.11,.17,.605,.778);es="Linear";ed="In";};["Left Arm"]={cf=cfr(-.414,-.087,-.234,.013,.794,-.608,-.984,-.099,-.151,-.18,.6,.78);es="Linear";ed="In";};};{tm=2.367;["Torso"]={cf=cfr(0,0,0,1,.003,0,-.003,.999,.054,0,-.054,.999);es="Linear";ed="In";};["Head"]={cf=cfr(0,0,0,1,0,.001,0,.981,-.195,-.001,.195,.981);es="Linear";ed="In";};["Right Arm"]={cf=cfr(.637,-.056,-.485,.006,-.646,.763,.983,-.137,-.125,.185,.751,.634);es="Linear";ed="In";};["Left Arm"]={cf=cfr(-.535,-.046,-.386,.031,.602,-.798,-.981,-.136,-.141,-.193,.787,.587);es="Linear";ed="In";};};{tm=2.433;["Torso"]={cf=cfr(0,0,0,1,.003,0,-.003,.998,.067,0,-.067,.998);es="Linear";ed="In";};["Head"]={cf=cfr(0,0,0,1,0,0,0,.99,-.142,0,.142,.99);es="Linear";ed="In";};["Right Arm"]={cf=cfr(.606,-.022,-.466,-.159,-.624,.765,.946,-.317,-.062,.281,.714,.641);es="Linear";ed="In";};["Left Arm"]={cf=cfr(-.499,-.006,-.351,-.142,.596,-.791,-.942,-.327,-.077,-.304,.734,.608);es="Linear";ed="In";};};{tm=2.467;["Torso"]={cf=cfr(0,0,0,1,.003,0,-.003,.997,.081,0,-.081,.997);es="Linear";ed="In";};["Head"]={cf=cfr(0,0,0,1,0,0,0,.996,-.084,0,.084,.996);es="Linear";ed="In";};["Right Arm"]={cf=cfr(.5,.056,-.337,-.416,-.643,.642,.829,-.558,-.022,.373,.524,.766);es="Linear";ed="In";};["Left Arm"]={cf=cfr(-.393,.089,-.226,-.388,.644,-.66,-.825,-.562,-.063,-.411,.52,.749);es="Linear";ed="In";};};{tm=2.567;["Torso"]={cf=cfr(0,0,0,1,.003,0,-.003,.991,.132,0,-.132,.991);es="Linear";ed="In";};["Head"]={cf=cfr(0,0,0,1,0,0,0,.988,.152,0,-.152,.988);es="Linear";ed="In";};["Right Arm"]={cf=cfr(.07,.339,.127,-.986,-.153,.068,.121,-.932,-.342,.116,-.329,.937);es="Linear";ed="In";};["Left Arm"]={cf=cfr(-.014,.429,.223,-.969,.238,-.072,-.184,-.882,-.435,-.167,-.408,.898);es="Linear";ed="In";};};{tm=2.633;["Torso"]={cf=cfr(0,0,0,1,.003,0,-.003,.988,.155,0,-.155,.988);es="Linear";ed="In";};["Head"]={cf=cfr(0,0,0,1,0,-.001,0,.961,.276,.001,-.276,.961);es="Linear";ed="In";};["Right Arm"]={cf=cfr(-.064,.37,.178,-.997,-.08,.021,.059,-.866,-.496,.058,-.494,.868);es="Linear";ed="In";};["Left Arm"]={cf=cfr(.028,.465,.275,-.99,.141,-.032,-.101,-.837,-.537,-.103,-.528,.843);es="Linear";ed="In";};};{tm=2.767;["Right Arm"]={cf=cfr(-.097,.37,.177,-.989,-.147,.004,.114,-.784,-.61,.093,-.603,.793);es="Linear";ed="In";};["Left Arm"]={cf=cfr(.027,.463,.275,-.989,.134,-.057,-.074,-.802,-.592,-.125,-.582,.804);es="Linear";ed="In";};};{tm=3.033;["Torso"]={cf=cfr(0,0,0,1,.003,.001,-.003,.989,.147,0,-.147,.989);es="Linear";ed="In";};["Head"]={cf=cfr(0,0,0,1,0,-.001,0,.966,.26,.001,-.26,.966);es="Linear";ed="In";};["Right Arm"]={cf=cfr(-.069,.418,.238,-.984,-.179,-.022,.133,-.636,-.76,.122,-.751,.649);es="Linear";ed="In";};["Left Arm"]={cf=cfr(-.181,.433,.22,-.996,.026,-.091,.024,-.857,-.514,-.091,-.514,.853);es="Linear";ed="In";};};{tm=3.2;["Torso"]={cf=cfr(0,0,0,1,.002,.002,-.003,.993,.122,-.002,-.122,.993);es="Linear";ed="In";};["Head"]={cf=cfr(0,0,0,1,0,-.001,0,.98,.2,.001,-.2,.98);es="Linear";ed="In";};["Right Arm"]={cf=cfr(-.03,.447,.403,-.978,-.185,-.093,.143,-.282,-.949,.15,-.941,.302);es="Linear";ed="In";};["Left Arm"]={cf=cfr(-.447,.393,.149,-.994,-.061,-.091,.089,-.931,-.354,-.063,-.36,.931);es="Linear";ed="In";};};{tm=3.367;["Torso"]={cf=cfr(0,0,0,1,.002,.004,-.002,.997,.083,-.004,-.083,.997);es="Linear";ed="In";};["Head"]={cf=cfr(0,0,0,1,0,0,0,.994,.109,0,-.109,.994);es="Linear";ed="In";};["Right Arm"]={cf=cfr(-.319,.3,.595,-.976,.186,-.115,.174,.348,-.921,-.131,-.919,-.372);es="Linear";ed="In";};["Left Arm"]={cf=cfr(-.658,.361,.092,-.988,-.133,-.079,.147,-.965,-.216,-.048,-.225,.973);es="Linear";ed="In";};};{tm=3.433;["Torso"]={cf=cfr(0,0,0,1,.001,.005,-.002,.998,.064,-.005,-.064,.998);es="Linear";ed="In";};["Head"]={cf=cfr(0,0,0,1,0,0,0,.998,.068,0,-.068,.998);es="Linear";ed="In";};["Right Arm"]={cf=cfr(-.466,.251,.646,-.949,.312,-.05,.226,.56,-.797,-.221,-.768,-.602);es="Linear";ed="In";};["Left Arm"]={cf=cfr(-.728,.349,.073,-.985,-.158,-.073,.168,-.971,-.169,-.044,-.178,.983);es="Linear";ed="In";};};{tm=3.567;["Torso"]={cf=cfr(0,0,0,1,.001,.007,-.001,1,.026,-.007,-.026,1);es="Linear";ed="In";};["Head"]={cf=cfr(0,0,0,1,0,0,0,1,-.017,0,.017,1);es="Linear";ed="In";};["Right Arm"]={cf=cfr(-.611,.205,.645,-.952,.305,.025,.258,.845,-.469,-.164,-.44,-.883);es="Linear";ed="In";};["Left Arm"]={cf=cfr(-.844,.328,.038,-.978,-.201,-.06,.206,-.975,-.088,-.041,-.098,.994);es="Linear";ed="In";};};{tm=3.833;["Torso"]={cf=cfr(0,0,0,1,-.001,.011,.001,.999,-.049,-.011,.049,.999);es="Linear";ed="In";};["Head"]={cf=cfr(0,0,0,1,0,.001,0,.986,-.168,-.001,.168,.986);es="Linear";ed="In";};["Right Arm"]={cf=cfr(-.763,-.033,.441,-.986,.165,.036,.169,.969,.181,-.005,.185,-.983);es="Linear";ed="In";};["Left Arm"]={cf=cfr(-.999,.291,-.017,-.962,-.272,-.034,.271,-.962,.027,-.04,.017,.999);es="Linear";ed="In";};};{tm=4.2;["Torso"]={cf=cfr(0,0,0,1,-.001,.014,.003,.994,-.111,-.014,.111,.994);es="Linear";ed="In";};["Head"]={cf=cfr(0,0,0,1,-.001,.001,.001,.967,-.255,-.001,.255,.967);es="Linear";ed="In";};["Right Arm"]={cf=cfr(-.815,-.368,.12,-.995,.021,-.096,-.048,.742,.668,.085,.67,-.738);es="Linear";ed="In";};["Left Arm"]={cf=cfr(-1.086,.236,-.081,-.934,-.358,-.004,.355,-.928,.115,-.044,.106,.993);es="Linear";ed="In";};};{tm=4.467;["Torso"]={cf=cfr(0,0,0,1,-.001,.014,.003,.994,-.113,-.014,.113,.993);es="Linear";ed="In";};["Head"]={cf=cfr(0,0,0,1,0,.001,0,.97,-.245,-.001,.245,.97);es="Linear";ed="In";};["Right Arm"]={cf=cfr(-.815,-.397,.102,-.994,.014,-.109,-.066,.719,.691,.088,.694,-.714);es="Linear";ed="In";};["Left Arm"]={cf=cfr(-1.096,.178,-.104,-.911,-.412,.014,.41,-.901,.146,-.048,.138,.989);es="Linear";ed="In";};};{tm=4.533;["Torso"]={cf=cfr(0,0,0,1,-.007,.02,.008,.999,-.053,-.02,.053,.998);es="Linear";ed="In";};["Head"]={cf=cfr(0,0,0,1,0,.001,0,.974,-.229,-.001,.229,.974);es="Linear";ed="In";};["Right Arm"]={cf=cfr(-.815,-.399,.104,-.994,.014,-.109,-.066,.72,.691,.088,.694,-.715);es="Linear";ed="In";};["Left Arm"]={cf=cfr(-.974,.448,-.09,-.981,.155,-.117,-.144,-.985,-.098,-.13,-.079,.988);es="Linear";ed="In";};};{tm=4.567;["Torso"]={cf=cfr(0,0,0,1,-.01,.022,.01,.999,-.032,-.022,.032,.999);es="Linear";ed="In";};["Head"]={cf=cfr(0,0,0,1,0,.001,0,.976,-.216,-.001,.216,.976);es="Linear";ed="In";};["Right Arm"]={cf=cfr(-.816,-.4,.105,-.994,.014,-.108,-.065,.72,.69,.088,.693,-.715);es="Linear";ed="In";};["Left Arm"]={cf=cfr(-.931,.562,-.089,-.913,.39,-.121,-.363,-.911,-.196,-.187,-.135,.973);es="Linear";ed="In";};};{tm=4.733;["Head"]={cf=cfr(0,0,0,1,-.001,0,.001,1,-.03,0,.03,1);es="Linear";ed="In";};["Right Arm"]={cf=cfr(-.816,-.405,.113,-.994,.013,-.108,-.065,.723,.688,.088,.691,-.718);es="Linear";ed="In";};["Left Arm"]={cf=cfr(-1.011,.592,-.095,-.875,.472,-.105,-.447,-.872,-.197,-.185,-.125,.975);es="Linear";ed="In";};};{tm=4.933;["Head"]={cf=cfr(0,0,0,1,0,0,0,1,.005,0,-.005,1);es="Linear";ed="In";};["Right Arm"]={cf=cfr(-.816,-.409,.124,-.994,.013,-.108,-.065,.727,.684,.088,.687,-.721);es="Linear";ed="In";};["Left Arm"]={cf=cfr(-1.014,.594,-.095,-.855,.509,-.095,-.484,-.851,-.205,-.185,-.129,.974);es="Linear";ed="In";};};{tm=5.5;["Torso"]={cf=cfr(0,0,0,1,-.01,.022,.01,.999,-.032,-.022,.032,.999);es="Linear";ed="In";};["Head"]={cf=cfr(0,0,0,1,0,0,0,1,.001,0,-.001,1);es="Linear";ed="In";};["Right Arm"]={cf=cfr(-.816,-.394,.166,-.994,.013,-.108,-.063,.735,.675,.088,.678,-.73);es="Linear";ed="In";};["Left Arm"]={cf=cfr(-1.025,.594,-.094,-.834,.545,-.086,-.52,-.829,-.206,-.183,-.127,.975);es="Linear";ed="In";};};{tm=5.567;["Torso"]={cf=cfr(0,0,0,1,-.009,.02,.009,1,-.029,-.02,.029,.999);es="Linear";ed="In";};["Head"]={cf=cfr(0,0,0,1,0,0,0,1,.001,0,-.001,1);es="Linear";ed="In";};["Right Arm"]={cf=cfr(-.731,-.35,.152,-.924,.115,-.364,-.163,.745,.647,.346,.657,-.67);es="Linear";ed="In";};["Left Arm"]={cf=cfr(-.918,.532,-.084,-.692,.72,-.058,-.697,-.686,-.206,-.188,-.102,.977);es="Linear";ed="In";};};{tm=5.6;["Torso"]={cf=cfr(0,0,0,1,-.008,.017,.008,1,-.025,-.017,.025,1);es="Linear";ed="In";};["Head"]={cf=cfr(0,0,0,1,0,0,0,1,.001,0,-.001,1);es="Linear";ed="In";};["Right Arm"]={cf=cfr(-.64,-.305,.134,-.727,.228,-.648,-.271,.771,.576,.631,.594,-.498);es="Linear";ed="In";};["Left Arm"]={cf=cfr(-.804,.466,-.074,-.478,.878,-.027,-.858,-.473,-.199,-.187,-.072,.98);es="Linear";ed="In";};};{tm=5.7;["Torso"]={cf=cfr(0,0,0,1,-.003,.008,.004,1,-.011,-.008,.011,1);es="Linear";ed="In";};["Head"]={cf=cfr(0,0,0,1,0,0,0,1,0,0,0,1);es="Linear";ed="In";};["Right Arm"]={cf=cfr(-.287,-.136,.061,.695,.258,-.671,-.265,.96,.094,.668,.113,.735);es="Linear";ed="In";};["Left Arm"]={cf=cfr(-.361,.209,-.033,.667,.744,.045,-.739,.668,-.085,-.093,.023,.995);es="Linear";ed="In";};};{tm=5.733;["Torso"]={cf=cfr(0,0,0,1,-.002,.005,.002,1,-.007,-.005,.007,1);es="Linear";ed="In";};["Head"]={cf=cfr(0,0,0,1,0,0,0,1,0,0,0,1);es="Linear";ed="In";};["Right Arm"]={cf=cfr(-.176,-.083,.038,.91,.15,-.387,-.152,.988,.025,.386,.036,.922);es="Linear";ed="In";};["Left Arm"]={cf=cfr(-.221,.128,-.02,.888,.458,.034,-.456,.889,-.043,-.05,.023,.998);es="Linear";ed="In";};};{tm=5.8;["Torso"]={cf=cfr(0,0,0,1,0,.001,0,1,-.001,-.001,.001,1);es="Linear";ed="In";};["Head"]={cf=cfr(0,0,0,1,0,0,0,1,0,0,0,1);es="Linear";ed="In";};["Right Arm"]={cf=cfr(-.023,-.011,.005,.999,.017,-.043,-.017,1,0,.043,.001,.999);es="Linear";ed="In";};["Left Arm"]={cf=cfr(-.029,.017,-.003,.999,.054,.005,-.054,.999,-.004,-.005,.004,1);es="Linear";ed="In";};};{tm=5.833;["Torso"]={cf=cfr(0,0,0,1,0,0,0,1,0,0,0,1);es="Linear";ed="In";};["Head"]={cf=cfr(0,0,0,1,0,0,0,1,0,0,0,1);es="Linear";ed="In";};["Right Arm"]={cf=cfr(0,0,0,1,0,0,0,1,0,0,0,1);es="Linear";ed="In";};["Left Arm"]={cf=cfr(0,0,0,1,0,0,0,1,0,0,0,1);es="Linear";ed="In";};};}
