-- // converted using mech's animoduler
local cfr = CFrame.new

return {{tm=0;["Torso"]={tm=.05;cf=cfr(0,.433,0,.999,0,-.039,0,1,0,.039,0,.999);es="Linear";ed="In";};["Left Leg"]={tm=.05;cf=cfr(-.982,.962,.107,.995,.096,.012,-.095,.995,-.014,-.013,.012,1);es="Linear";ed="In";};["Right Leg"]={tm=.05;cf=cfr(.28,.082,.071,.81,.586,-.018,-.585,.81,.041,.038,-.023,.999);es="Linear";ed="In";};["Left Arm"]={tm=.05;cf=cfr(-.053,-.149,.025,.634,.773,.016,-.773,.634,-.01,-.018,-.006,1);es="Linear";ed="In";};["Right Arm"]={tm=.05;cf=cfr(.017,.179,-.084,-.934,-.354,.049,.358,-.928,.104,.008,.115,.993);es="Linear";ed="In";};["Head"]={tm=.05;cf=cfr(0,0,0,.997,-.006,.078,-.032,.878,.477,-.071,-.478,.875);es="Linear";ed="In";};};{tm=.05;["Torso"]={tm=.05;cf=cfr(0,.433,0,1,0,-.031,0,1,0,.031,0,1);es="Linear";ed="In";};["Left Leg"]={tm=.05;cf=cfr(-.997,.523,.087,.995,.102,.012,-.102,.995,-.001,-.012,0,1);es="Linear";ed="In";};["Right Leg"]={tm=.05;cf=cfr(.777,.348,.081,.865,.5,-.034,-.5,.866,.031,.045,-.01,.999);es="Linear";ed="In";};["Left Arm"]={tm=.05;cf=cfr(-.062,-.085,.032,.447,.889,.099,-.892,.452,-.024,-.066,-.078,.995);es="Linear";ed="In";};["Right Arm"]={tm=.05;cf=cfr(.164,.196,-.061,-.856,-.511,.085,.517,-.847,.123,.01,.149,.989);es="Linear";ed="In";};["Head"]={tm=.05;cf=cfr(0,0,0,.998,-.006,.058,-.022,.879,.477,-.053,-.478,.877);es="Linear";ed="In";};};{tm=.1;["Torso"]={tm=.0499;cf=cfr(0,.433,0,1,0,-.024,0,1,0,.024,0,1);es="Linear";ed="In";};["Left Leg"]={tm=.0499;cf=cfr(-.913,.335,.078,.989,.147,.013,-.147,.989,0,-.013,-.002,1);es="Linear";ed="In";};["Right Leg"]={tm=.0499;cf=cfr(.908,.663,.083,.943,.33,-.045,-.33,.944,.023,.05,-.007,.999);es="Linear";ed="In";};["Left Arm"]={tm=.0499;cf=cfr(-.035,-.023,.031,.111,.988,.104,-.993,.114,-.023,-.034,-.101,.994);es="Linear";ed="In";};["Right Arm"]={tm=.0499;cf=cfr(.186,.152,-.035,-.705,-.704,.085,.709,-.695,.118,-.024,.144,.989);es="Linear";ed="In";};["Head"]={tm=.0499;cf=cfr(0,0,0,.999,-.006,.037,-.013,.879,.477,-.036,-.477,.878);es="Linear";ed="In";};};{tm=.15;["Torso"]={tm=.0500;cf=cfr(0,.433,0,1,0,-.008,0,1,0,.008,0,1);es="Linear";ed="In";};["Left Leg"]={tm=.0500;cf=cfr(-.186,.029,.07,.946,.324,.012,-.324,.946,.005,-.01,-.008,1);es="Linear";ed="In";};["Right Leg"]={tm=.0500;cf=cfr(1,1.116,.083,1,-.002,-.015,.002,1,.007,.015,-.007,1);es="Linear";ed="In";};["Left Arm"]={tm=.0500;cf=cfr(.288,.141,-.03,-.856,.515,-.047,-.517,-.855,.05,-.014,.067,.998);es="Linear";ed="In";};["Right Arm"]={tm=.0500;cf=cfr(.186,-.026,-.028,-.221,-.972,.074,.974,-.216,.068,-.05,.087,.995);es="Linear";ed="In";};["Head"]={tm=.0500;cf=cfr(0,0,0,1,-.006,-.005,.008,.879,.478,.002,-.478,.879);es="Linear";ed="In";};};{tm=.2;["Torso"]={tm=.0499;cf=cfr(0,.433,0,1,0,-.002,0,1,0,.002,0,1);es="Linear";ed="In";};["Left Leg"]={tm=.0499;cf=cfr(-.214,.053,.073,.996,.088,.008,-.088,.996,.005,-.007,-.006,1);es="Linear";ed="In";};["Right Leg"]={tm=.0499;cf=cfr(1.007,1.1,.082,.999,-.033,.005,.033,.999,-.002,-.005,.002,1);es="Linear";ed="In";};["Left Arm"]={tm=.0499;cf=cfr(-.045,.125,-.074,-.843,.533,-.07,-.538,-.835,.116,.003,.136,.991);es="Linear";ed="In";};["Right Arm"]={tm=.0499;cf=cfr(.187,-.118,-.024,.039,-.997,.063,.998,.042,.039,-.042,.061,.997);es="Linear";ed="In";};["Head"]={tm=.0499;cf=cfr(0,0,0,1,-.006,-.021,.015,.878,.478,.015,-.478,.878);es="Linear";ed="In";};};{tm=.25;["Torso"]={tm=.0499;cf=cfr(0,.433,0,1,0,-.001,0,1,0,.001,0,1);es="Linear";ed="In";};["Left Leg"]={tm=.0499;cf=cfr(-.627,.184,.092,.822,-.569,-.003,.569,.822,-.017,.012,.012,1);es="Linear";ed="In";};["Right Leg"]={tm=.0499;cf=cfr(1.003,.568,.077,.998,-.048,.029,.048,.999,.01,-.029,-.008,1);es="Linear";ed="In";};["Left Arm"]={tm=.0499;cf=cfr(-.116,.084,-.086,-.68,.711,-.178,-.733,-.662,.154,-.009,.236,.972);es="Linear";ed="In";};["Right Arm"]={tm=.0499;cf=cfr(.186,-.248,-.012,.381,-.924,.028,.925,.381,-.004,-.007,.027,1);es="Linear";ed="In";};["Head"]={tm=.0499;cf=cfr(0,0,0,1,-.006,-.023,.016,.878,.478,.018,-.478,.878);es="Linear";ed="In";};};{tm=.3;["Torso"]={tm=.0499;cf=cfr(0,.433,0,1,0,-.007,0,1,0,.007,0,1);es="Linear";ed="In";};["Left Leg"]={tm=.0499;cf=cfr(-.88,.645,.101,.836,-.548,-.008,.548,.836,-.029,.022,.02,1);es="Linear";ed="In";};["Right Leg"]={tm=.0499;cf=cfr(.891,.353,.079,.994,-.107,.026,.107,.994,.022,-.028,-.019,.999);es="Linear";ed="In";};["Left Arm"]={tm=.0499;cf=cfr(-.082,.024,-.065,-.489,.859,-.149,-.872,-.476,.118,.03,.188,.982);es="Linear";ed="In";};["Right Arm"]={tm=.0499;cf=cfr(.186,-.263,-.001,.418,-.909,-.004,.909,.418,-.009,.01,0,1);es="Linear";ed="In";};["Head"]={tm=.0499;cf=cfr(0,0,0,1,-.006,-.008,.009,.879,.478,.004,-.478,.879);es="Linear";ed="In";};};{tm=.35;["Torso"]={tm=.0500;cf=cfr(0,.433,0,1,0,-.023,0,1,0,.023,0,1);es="Linear";ed="In";};["Left Leg"]={tm=.0500;cf=cfr(-.995,1.145,.126,.998,-.063,-.008,.062,.996,-.057,.011,.056,.998);es="Linear";ed="In";};["Right Leg"]={tm=.0500;cf=cfr(.386,.029,.088,.96,-.28,.009,.28,.959,.034,-.018,-.03,.999);es="Linear";ed="In";};["Left Arm"]={tm=.0500;cf=cfr(.001,-.107,-.016,.099,.993,-.063,-.995,.101,.028,.035,.06,.998);es="Linear";ed="In";};["Right Arm"]={tm=.0500;cf=cfr(.186,-.124,.056,-.026,-.984,-.174,1,-.025,-.008,.003,-.175,.985);es="Linear";ed="In";};["Head"]={tm=.0500;cf=cfr(0,0,0,.999,-.006,.034,-.011,.879,.477,-.033,-.477,.878);es="Linear";ed="In";};};{tm=.4;["Torso"]={tm=.0499;cf=cfr(0,.433,0,1,0,-.03,0,1,0,.03,0,1);es="Linear";ed="In";};["Left Leg"]={tm=.0499;cf=cfr(-.939,1.09,.126,.996,.09,.001,-.089,.994,-.056,-.006,.056,.998);es="Linear";ed="In";};["Right Leg"]={tm=.0499;cf=cfr(.149,.017,.087,.97,-.242,-.004,.242,.97,.038,-.006,-.038,.999);es="Linear";ed="In";};["Left Arm"]={tm=.0499;cf=cfr(.021,-.143,.007,.372,.928,-.023,-.928,.372,0,.008,.022,1);es="Linear";ed="In";};["Right Arm"]={tm=.0499;cf=cfr(.164,-.015,.047,-.409,-.897,-.166,.91,-.416,.006,-.074,-.149,.986);es="Linear";ed="In";};["Head"]={tm=.0499;cf=cfr(0,0,0,.998,-.006,.055,-.021,.879,.477,-.051,-.478,.877);es="Linear";ed="In";};};{tm=.45;["Torso"]={tm=0;cf=cfr(0,.433,0,.999,0,-.039,0,1,0,.039,0,.999);es="Linear";ed="In";};["Left Leg"]={tm=0;cf=cfr(-.947,1.095,.126,.991,.132,.011,-.132,.991,-.027,-.014,.025,1);es="Linear";ed="In";};["Right Leg"]={tm=0;cf=cfr(.184,.033,.073,.781,.624,-.018,-.623,.781,.041,.039,-.021,.999);es="Linear";ed="In";};["Left Arm"]={tm=0;cf=cfr(-.051,-.149,.025,.633,.774,.016,-.774,.633,-.01,-.018,-.006,1);es="Linear";ed="In";};["Right Arm"]={tm=0;cf=cfr(.018,.177,-.051,-.932,-.363,.013,.363,-.93,.064,-.011,.064,.998);es="Linear";ed="In";};["Head"]={tm=0;cf=cfr(0,0,0,.997,-.006,.078,-.032,.878,.477,-.071,-.478,.875);es="Linear";ed="In";};};}
