-- // converted using mech's animoduler
local cfr = CFrame.new

return {{tm=0;["Left Leg"]={tm=.05;cf=cfr(.093,.067,-.026,.996,.02,.087,-.028,.996,.084,-.085,-.086,.993);es="Linear";ed="In";};["Right Leg"]={tm=.05;cf=cfr(-.015,.046,-.011,.981,.027,-.193,-.014,.998,.065,.194,-.061,.979);es="Linear";ed="In";};["Left Arm"]={tm=.05;cf=cfr(.002,.325,0,-.875,.482,.048,-.484,-.871,-.082,.002,-.095,.995);es="Linear";ed="In";};["Right Arm"]={tm=.05;cf=cfr(-.001,.202,0,-.926,-.373,-.061,.377,-.923,-.074,-.028,-.092,.995);es="Linear";ed="In";};["Head"]={tm=.05;cf=cfr(-.002,.02,.038,.998,.065,-.005,-.064,.993,.098,.011,-.097,.995);es="Linear";ed="In";};};{tm=.05;["Torso"]={tm=.05;cf=cfr(0,0,0,1,0,.003,0,1,0,-.003,0,1);es="Linear";ed="In";};["Left Leg"]={tm=.05;cf=cfr(.079,.05,-.032,.994,.07,.083,-.077,.994,.079,-.077,-.085,.993);es="Linear";ed="In";};["Right Leg"]={tm=.05;cf=cfr(-.005,.046,-.013,.976,.054,-.211,-.041,.997,.064,.214,-.054,.975);es="Linear";ed="In";};["Left Arm"]={tm=.05;cf=cfr(.002,.29,-.001,-.891,.45,.057,-.454,-.887,-.085,.012,-.101,.995);es="Linear";ed="In";};["Right Arm"]={tm=.05;cf=cfr(-.001,.202,0,-.868,-.491,-.074,.496,-.864,-.086,-.021,-.111,.994);es="Linear";ed="In";};["Head"]={tm=.05;cf=cfr(-.002,.02,.038,.998,.062,-.003,-.062,.996,.071,.008,-.071,.997);es="Linear";ed="In";};};{tm=.1;["Torso"]={tm=.0499;cf=cfr(0,0,0,1,0,.005,0,1,0,-.005,0,1);es="Linear";ed="In";};["Left Leg"]={tm=.0499;cf=cfr(.067,.034,-.038,.993,.082,.082,-.088,.993,.075,-.075,-.082,.994);es="Linear";ed="In";};["Right Leg"]={tm=.0499;cf=cfr(.004,.046,-.015,.979,.076,-.19,-.065,.996,.064,.195,-.05,.98);es="Linear";ed="In";};["Left Arm"]={tm=.0499;cf=cfr(.002,.261,-.002,-.904,.424,.064,-.428,-.9,-.086,.021,-.106,.994);es="Linear";ed="In";};["Right Arm"]={tm=.0499;cf=cfr(-.001,.202,0,-.825,-.559,-.081,.565,-.82,-.094,-.015,-.123,.992);es="Linear";ed="In";};["Head"]={tm=.0499;cf=cfr(-.002,.02,.038,.998,.06,-.002,-.06,.997,.045,.005,-.045,.999);es="Linear";ed="In";};};{tm=.15;["Torso"]={tm=.0500;cf=cfr(0,0,0,1,0,.006,0,1,0,-.006,0,1);es="Linear";ed="In";};["Left Leg"]={tm=.0500;cf=cfr(.043,.004,-.049,.995,.065,.079,-.071,.995,.07,-.074,-.075,.994);es="Linear";ed="In";};["Right Leg"]={tm=.0500;cf=cfr(.022,.046,-.019,.985,.129,-.116,-.123,.99,.064,.123,-.048,.991);es="Linear";ed="In";};["Left Arm"]={tm=.0500;cf=cfr(.002,.224,-.003,-.918,.389,.074,-.395,-.915,-.089,.033,-.11,.993);es="Linear";ed="In";};["Right Arm"]={tm=.0500;cf=cfr(-.001,.202,0,-.821,-.566,-.078,.571,-.816,-.089,-.013,-.118,.993);es="Linear";ed="In";};["Head"]={tm=.0500;cf=cfr(-.002,.02,.038,.999,.054,.001,-.054,.998,-.012,-.002,.012,1);es="Linear";ed="In";};};{tm=.2;["Torso"]={tm=.0499;cf=cfr(0,0,0,1,0,.006,0,1,0,-.006,0,1);es="Linear";ed="In";};["Left Leg"]={tm=.0499;cf=cfr(.037,-.004,-.052,.996,.047,.079,-.052,.996,.067,-.076,-.071,.995);es="Linear";ed="In";};["Right Leg"]={tm=.0499;cf=cfr(.026,.046,-.02,.985,.157,-.072,-.153,.986,.063,.081,-.051,.995);es="Linear";ed="In";};["Left Arm"]={tm=.0499;cf=cfr(.002,.239,-.004,-.907,.415,.071,-.42,-.904,-.083,.03,-.105,.994);es="Linear";ed="In";};["Right Arm"]={tm=.0499;cf=cfr(-.001,.202,0,-.845,-.531,-.066,.535,-.842,-.075,-.016,-.098,.995);es="Linear";ed="In";};["Head"]={tm=.0499;cf=cfr(-.002,.02,.038,.999,.052,.002,-.052,.998,-.035,-.004,.035,.999);es="Linear";ed="In";};};{tm=.25;["Torso"]={tm=.0499;cf=cfr(0,0,0,1,0,.006,0,1,0,-.006,0,1);es="Linear";ed="In";};["Left Leg"]={tm=.0499;cf=cfr(.037,-.004,-.052,.997,.024,.079,-.029,.997,.065,-.078,-.067,.995);es="Linear";ed="In";};["Right Leg"]={tm=.0499;cf=cfr(.026,.046,-.02,.983,.183,-.031,-.181,.981,.063,.042,-.056,.998);es="Linear";ed="In";};["Left Arm"]={tm=.0499;cf=cfr(.002,.272,-.004,-.88,.47,.064,-.474,-.878,-.07,.023,-.092,.996);es="Linear";ed="In";};["Right Arm"]={tm=.0499;cf=cfr(-.001,.202,0,-.873,-.485,-.051,.488,-.871,-.057,-.017,-.075,.997);es="Linear";ed="In";};["Head"]={tm=.0499;cf=cfr(-.002,.02,.038,.999,.052,.003,-.052,.998,-.047,-.006,.047,.999);es="Linear";ed="In";};};{tm=.3;["Torso"]={tm=.0499;cf=cfr(0,0,0,1,0,.007,0,1,0,-.007,0,1);es="Linear";ed="In";};["Left Leg"]={tm=.0499;cf=cfr(.043,.004,-.049,.996,-.023,.082,.018,.998,.065,-.083,-.063,.995);es="Linear";ed="In";};["Right Leg"]={tm=.0499;cf=cfr(.022,.046,-.019,.975,.22,.032,-.222,.973,.063,-.017,-.069,.998);es="Linear";ed="In";};["Left Arm"]={tm=.0499;cf=cfr(.002,.318,-.004,-.838,.542,.055,-.545,-.837,-.052,.018,-.073,.997);es="Linear";ed="In";};["Right Arm"]={tm=.0499;cf=cfr(-.001,.202,0,-.917,-.399,-.025,.4,-.916,-.026,-.012,-.033,.999);es="Linear";ed="In";};["Head"]={tm=.0499;cf=cfr(-.002,.02,.038,.999,.053,.004,-.052,.998,-.032,-.005,.032,.999);es="Linear";ed="In";};};{tm=.35;["Torso"]={tm=.0500;cf=cfr(0,0,0,1,0,.007,0,1,0,-.007,0,1);es="Linear";ed="In";};["Left Leg"]={tm=.0500;cf=cfr(.048,.01,-.047,.996,-.043,.084,.037,.997,.066,-.086,-.062,.994);es="Linear";ed="In";};["Right Leg"]={tm=.0500;cf=cfr(.018,.046,-.018,.972,.224,.066,-.228,.972,.063,-.05,-.076,.996);es="Linear";ed="In";};["Left Arm"]={tm=.0500;cf=cfr(.002,.318,-.004,-.849,.525,.055,-.528,-.848,-.055,.018,-.076,.997);es="Linear";ed="In";};["Right Arm"]={tm=.0500;cf=cfr(-.001,.202,0,-.925,-.38,-.019,.381,-.925,-.019,-.01,-.025,1);es="Linear";ed="In";};["Head"]={tm=.0500;cf=cfr(-.002,.02,.038,.999,.054,.003,-.054,.998,-.017,-.004,.017,1);es="Linear";ed="In";};};{tm=.4;["Torso"]={tm=.0499;cf=cfr(0,0,0,1,0,.007,0,1,0,-.007,0,1);es="Linear";ed="In";};["Left Leg"]={tm=.0499;cf=cfr(.06,.026,-.041,.994,-.064,.087,.058,.996,.07,-.091,-.064,.994);es="Linear";ed="In";};["Right Leg"]={tm=.0499;cf=cfr(.009,.046,-.016,.977,.197,.078,-.202,.977,.064,-.063,-.078,.995);es="Linear";ed="In";};["Left Arm"]={tm=.0499;cf=cfr(.002,.318,-.004,-.897,.439,.057,-.443,-.894,-.07,.021,-.088,.996);es="Linear";ed="In";};["Right Arm"]={tm=.0499;cf=cfr(-.001,.202,0,-.914,-.403,-.036,.404,-.915,-.021,-.025,-.034,.999);es="Linear";ed="In";};["Head"]={tm=.0499;cf=cfr(-.002,.02,.038,.998,.056,.001,-.056,.998,.017,0,-.017,1);es="Linear";ed="In";};};{tm=.45;["Torso"]={tm=.0499;cf=cfr(0,0,0,1,0,.007,0,1,0,-.007,0,1);es="Linear";ed="In";};["Left Leg"]={tm=.0499;cf=cfr(.067,.034,-.038,.994,-.063,.089,.056,.996,.072,-.093,-.066,.993);es="Linear";ed="In";};["Right Leg"]={tm=.0499;cf=cfr(.004,.046,-.015,.984,.169,.056,-.173,.983,.064,-.044,-.072,.996);es="Linear";ed="In";};["Left Arm"]={tm=.0499;cf=cfr(.002,.318,-.004,-.919,.389,.059,-.393,-.916,-.078,.023,-.095,.995);es="Linear";ed="In";};["Right Arm"]={tm=.0499;cf=cfr(-.001,.202,0,-.904,-.424,-.053,.426,-.904,-.024,-.037,-.045,.998);es="Linear";ed="In";};["Head"]={tm=.0499;cf=cfr(-.002,.02,.038,.998,.058,0,-.058,.998,.035,.002,-.034,.999);es="Linear";ed="In";};};{tm=.5;["Torso"]={tm=.0500;cf=cfr(0,0,0,1,0,.006,0,1,0,-.006,0,1);es="Linear";ed="In";};["Left Leg"]={tm=.0500;cf=cfr(.079,.05,-.032,.995,-.048,.09,.041,.996,.079,-.094,-.075,.993);es="Linear";ed="In";};["Right Leg"]={tm=.0500;cf=cfr(-.005,.046,-.013,.995,.1,-.02,-.099,.993,.064,.026,-.062,.998);es="Linear";ed="In";};["Left Arm"]={tm=.0500;cf=cfr(.002,.319,-.004,-.943,.327,.06,-.331,-.939,-.088,.027,-.103,.994);es="Linear";ed="In";};["Right Arm"]={tm=.0500;cf=cfr(-.001,.202,0,-.888,-.453,-.076,.456,-.889,-.034,-.052,-.065,.997);es="Linear";ed="In";};["Head"]={tm=.0500;cf=cfr(-.002,.02,.038,.998,.061,-.002,-.061,.996,.066,.006,-.066,.998);es="Linear";ed="In";};};{tm=.55;["Torso"]={tm=.0499;cf=cfr(0,0,0,1,0,.004,0,1,0,-.004,0,1);es="Linear";ed="In";};["Left Leg"]={tm=.0499;cf=cfr(.085,.057,-.03,.995,-.035,.09,.028,.996,.082,-.093,-.079,.993);es="Linear";ed="In";};["Right Leg"]={tm=.0499;cf=cfr(-.009,.046,-.012,.996,.068,-.066,-.064,.996,.064,.07,-.06,.996);es="Linear";ed="In";};["Left Arm"]={tm=.0499;cf=cfr(.002,.32,-.003,-.936,.346,.058,-.35,-.933,-.088,.024,-.103,.994);es="Linear";ed="In";};["Right Arm"]={tm=.0499;cf=cfr(-.001,.202,0,-.894,-.443,-.074,.447,-.894,-.044,-.047,-.072,.996);es="Linear";ed="In";};["Head"]={tm=.0499;cf=cfr(-.002,.02,.038,.998,.063,-.003,-.062,.995,.079,.008,-.078,.997);es="Linear";ed="In";};};{tm=.6;["Torso"]={tm=.0500;cf=cfr(0,0,0,1,0,.002,0,1,0,-.002,0,1);es="Linear";ed="In";};["Left Leg"]={tm=.0500;cf=cfr(.089,.062,-.028,.996,-.019,.09,.012,.996,.084,-.091,-.083,.992);es="Linear";ed="In";};["Right Leg"]={tm=.0500;cf=cfr(-.012,.046,-.012,.993,.042,-.113,-.035,.997,.064,.115,-.06,.992);es="Linear";ed="In";};["Left Arm"]={tm=.0500;cf=cfr(.002,.322,-.002,-.915,.399,.054,-.402,-.912,-.086,.015,-.1,.995);es="Linear";ed="In";};["Right Arm"]={tm=.0500;cf=cfr(-.001,.202,0,-.907,-.416,-.069,.42,-.906,-.057,-.039,-.08,.996);es="Linear";ed="In";};["Head"]={tm=.0500;cf=cfr(-.002,.02,.038,.998,.064,-.004,-.063,.994,.089,.01,-.088,.996);es="Linear";ed="In";};};{tm=.65;["Torso"]={tm=0;cf=cfr(0,0,0,1,0,.001,0,1,0,-.001,0,1);es="Linear";ed="In";};["Left Leg"]={tm=0;cf=cfr(.092,.066,-.027,.996,0,.088,-.007,.996,.084,-.088,-.084,.993);es="Linear";ed="In";};["Right Leg"]={tm=0;cf=cfr(-.014,.046,-.011,.987,.027,-.156,-.017,.998,.065,.158,-.061,.986);es="Linear";ed="In";};["Left Arm"]={tm=0;cf=cfr(.002,.324,-.001,-.889,.454,.05,-.457,-.885,-.084,.006,-.097,.995);es="Linear";ed="In";};["Right Arm"]={tm=0;cf=cfr(-.001,.202,0,-.92,-.387,-.064,.391,-.918,-.069,-.032,-.088,.996);es="Linear";ed="In";};["Head"]={tm=0;cf=cfr(-.002,.02,.038,.998,.065,-.004,-.064,.993,.095,.011,-.095,.995);es="Linear";ed="In";};};}
