-- // converted using mech's animoduler
local cfr = CFrame.new

return {{tm=0;["Torso"]={tm=.6;cf=cfr(0,0,-5.232,1,0,0,0,1,0,0,0,1);es="Linear";ed="In";};["Left Leg"]={tm=1.933;cf=cfr(0,0,0,1,0,0,0,1,0,0,0,1);es="Linear";ed="In";};["Right Arm"]={tm=.067;cf=cfr(0,0,0,-.939,-.298,-.174,.27,-.948,.171,-.216,.114,.97);es="Linear";ed="In";};["Left Arm"]={tm=.067;cf=cfr(0,0,0,-.939,.298,.174,-.27,-.948,.171,.216,.114,.97);es="Linear";ed="In";};["Right Leg"]={tm=2.467;cf=cfr(0,0,0,1,0,0,0,1,0,0,0,1);es="Linear";ed="In";};["Head"]={tm=.667;cf=cfr(0,0,0,1,0,0,0,1,0,0,0,1);es="Linear";ed="In";};};{tm=.067;["Right Arm"]={tm=.133;cf=cfr(.191,.213,0,-.968,-.157,-.197,.114,-.971,.211,-.224,.182,.957);es="Linear";ed="In";};["Left Arm"]={tm=.133;cf=cfr(0,0,0,-.939,.298,.174,-.27,-.948,.171,.216,.114,.97);es="Linear";ed="In";};};{tm=.2;["Right Arm"]={tm=.0999;cf=cfr(.381,.842,0,-.976,-.012,-.216,-.013,-.993,.114,-.216,.114,.97);es="Linear";ed="In";};["Left Arm"]={tm=.067;cf=cfr(-.191,.551,0,-.968,.157,.197,-.122,-.977,.178,.22,.148,.964);es="Linear";ed="In";};};{tm=.267;["Left Arm"]={tm=.0999;cf=cfr(-.381,.842,0,-.976,.012,.216,.013,-.993,.114,.216,.114,.97);es="Linear";ed="In";};};{tm=.3;["Right Arm"]={tm=.067;cf=cfr(.381,.665,0,-.989,.004,-.148,-.022,-.993,.12,-.146,.121,.982);es="Linear";ed="In";};};{tm=.367;["Right Arm"]={tm=.1000;cf=cfr(.381,.353,0,-1,.029,-.007,-.03,-.982,.185,-.001,.185,.983);es="Linear";ed="In";};["Left Arm"]={tm=.1000;cf=cfr(-.381,.766,.059,-1,-.008,.018,.011,-.982,.19,.016,.19,.982);es="Linear";ed="In";};};{tm=.467;["Right Arm"]={tm=.066;cf=cfr(.381,.34,.042,-1,.029,-.007,-.03,-.978,.206,-.001,.206,.979);es="Linear";ed="In";};["Left Arm"]={tm=.066;cf=cfr(-.381,.425,.106,-.995,-.024,-.092,-.002,-.962,.273,-.095,.272,.958);es="Linear";ed="In";};};{tm=.533;["Right Arm"]={tm=.0669;cf=cfr(.381,.357,.052,-.999,.025,-.023,-.03,-.974,.223,-.016,.223,.975);es="Linear";ed="In";};["Left Arm"]={tm=.0669;cf=cfr(-.381,.41,.154,-.995,-.024,-.092,-.007,-.948,.317,-.095,.316,.944);es="Linear";ed="In";};};{tm=.6;["Torso"]={tm=.0670;cf=cfr(0,0,-5.232,1,0,0,0,1,0,0,0,1);es="Linear";ed="In";};["Right Arm"]={tm=.0670;cf=cfr(.381,.361,.052,-.999,.024,-.032,-.03,-.973,.227,-.026,.227,.973);es="Linear";ed="In";};["Left Arm"]={tm=.0670;cf=cfr(-.381,.404,.138,-.995,-.026,-.098,-.005,-.955,.298,-.101,.297,.95);es="Linear";ed="In";};};{tm=.667;["Torso"]={tm=.0659;cf=cfr(0,0,-5.099,1,0,0,0,.999,.043,0,-.043,.999);es="Linear";ed="In";};["Right Arm"]={tm=.0659;cf=cfr(.377,.214,.063,-.998,-.066,-.009,.062,-.968,.245,-.025,.244,.97);es="Linear";ed="In";};["Left Arm"]={tm=.0659;cf=cfr(-.381,.262,.164,-.99,.062,-.127,-.099,-.947,.306,-.101,.316,.943);es="Linear";ed="In";};["Head"]={tm=.266;cf=cfr(0,0,0,1,0,0,0,.656,-.754,0,.754,.656);es="Linear";ed="In";};};{tm=.733;["Torso"]={tm=.0670;cf=cfr(0,.125,-4.801,1,0,0,0,.992,.123,0,-.123,.992);es="Linear";ed="In";};["Right Arm"]={tm=.0670;cf=cfr(.418,-.051,.119,-.973,-.229,-.012,.214,-.923,.319,-.084,.308,.948);es="Linear";ed="In";};["Left Arm"]={tm=.0670;cf=cfr(-.433,-.008,.197,-.967,.226,-.116,-.253,-.9,.355,-.024,.373,.928);es="Linear";ed="In";};};{tm=.8;["Torso"]={tm=.0669;cf=cfr(0,.249,-4.529,1,0,0,0,.982,.187,0,-.187,.982);es="Linear";ed="In";};["Right Arm"]={tm=.0669;cf=cfr(.457,-.331,.174,-.926,-.378,-.003,.347,-.852,.392,-.151,.362,.92);es="Linear";ed="In";};["Left Arm"]={tm=.0669;cf=cfr(-.482,-.293,.231,-.92,.376,-.112,-.388,-.828,.406,.06,.417,.907);es="Linear";ed="In";};};{tm=.867;["Torso"]={tm=.0660;cf=cfr(0,.397,-4.177,1,0,0,0,.996,.088,0,-.088,.996);es="Linear";ed="In";};["Right Arm"]={tm=.0660;cf=cfr(.481,-.611,.21,-.935,-.35,-.056,.293,-.851,.435,-.2,.391,.899);es="Linear";ed="In";};["Left Arm"]={tm=.0660;cf=cfr(-.508,-.572,.253,-.928,.368,-.056,-.352,-.821,.45,.119,.438,.891);es="Linear";ed="In";};};{tm=.933;["Torso"]={tm=.0669;cf=cfr(0,.448,-4.034,1,0,0,0,1,.02,0,-.02,1);es="Linear";ed="In";};["Right Arm"]={tm=.0669;cf=cfr(.513,-.659,.247,-.931,-.354,-.093,.271,-.836,.477,-.246,.419,.874);es="Linear";ed="In";};["Left Arm"]={tm=.0669;cf=cfr(-.542,-.621,.275,-.933,.36,0,-.314,-.813,.491,.177,.458,.871);es="Linear";ed="In";};["Head"]={tm=.2669;cf=cfr(0,0,0,.999,.026,.031,.001,.746,-.666,-.04,.665,.746);es="Linear";ed="In";};};{tm=1;["Torso"]={tm=.0669;cf=cfr(0,.498,-3.958,1,0,0,0,1,0,0,0,1);es="Linear";ed="In";};["Right Arm"]={tm=.0669;cf=cfr(.539,-.705,.263,-.925,-.362,-.118,.259,-.825,.501,-.279,.433,.857);es="Linear";ed="In";};["Left Arm"]={tm=.0669;cf=cfr(-.57,-.658,.297,-.926,.375,.044,-.297,-.795,.53,.234,.477,.847);es="Linear";ed="In";};};{tm=1.067;["Torso"]={tm=.0660;cf=cfr(0,.524,-3.897,1,0,0,0,1,.007,0,-.007,1);es="Linear";ed="In";};["Right Arm"]={tm=.0660;cf=cfr(.565,-.764,.281,-.921,-.371,-.121,.26,-.814,.519,-.291,.447,.846);es="Linear";ed="In";};["Left Arm"]={tm=.0660;cf=cfr(-.571,-.698,.295,-.917,.396,.04,-.316,-.787,.53,.242,.473,.847);es="Linear";ed="In";};};{tm=1.133;["Torso"]={tm=.0669;cf=cfr(0,.509,-3.858,1,0,0,0,1,-.012,0,.012,1);es="Linear";ed="In";};["Right Arm"]={tm=.0669;cf=cfr(.597,-.661,.222,-.926,-.354,-.13,.24,-.818,.522,-.292,.452,.843);es="Linear";ed="In";};["Left Arm"]={tm=.0669;cf=cfr(-.572,-.739,.292,-.924,.377,.063,-.289,-.799,.528,.249,.469,.847);es="Linear";ed="In";};};{tm=1.2;["Torso"]={tm=.0669;cf=cfr(0,.5,-3.85,1,0,.013,0,1,-.001,-.013,.001,1);es="Linear";ed="In";};["Right Arm"]={tm=.0669;cf=cfr(.623,-.44,.156,-.928,-.346,-.136,.22,-.807,.549,-.299,.479,.825);es="Linear";ed="In";};["Left Arm"]={tm=.0669;cf=cfr(-.572,-.739,.289,-.931,.358,.072,-.269,-.806,.528,.247,.472,.846);es="Linear";ed="In";};["Head"]={tm=.1999;cf=cfr(0,0,0,1,-.002,.001,.003,.869,-.495,0,.495,.869);es="Linear";ed="In";};};{tm=1.267;["Torso"]={tm=.0660;cf=cfr(0,.504,-3.839,1,0,.014,0,1,-.011,-.014,.011,1);es="Linear";ed="In";};["Right Arm"]={tm=.0660;cf=cfr(.519,-.163,.199,-.898,-.43,.088,.379,-.657,.652,-.222,.619,.753);es="Linear";ed="In";};["Left Arm"]={tm=.133;cf=cfr(-.447,-.601,.303,-.934,.356,-.043,-.321,-.778,.54,.159,.518,.84);es="Linear";ed="In";};};{tm=1.333;["Torso"]={tm=.0669;cf=cfr(0,.507,-3.827,1,.001,.021,-.001,1,-.001,-.021,.001,1);es="Linear";ed="In";};["Right Arm"]={tm=.0669;cf=cfr(.416,.075,.241,-.828,-.463,.317,.535,-.478,.697,-.171,.746,.644);es="Linear";ed="In";};};{tm=1.4;["Torso"]={tm=.0670;cf=cfr(0,.505,-3.827,1,.001,.02,0,1,-.005,-.02,.005,1);es="Linear";ed="In";};["Right Arm"]={tm=.0670;cf=cfr(.363,.185,.2,-.664,-.527,.531,.725,-.278,.631,-.185,.804,.566);es="Linear";ed="In";};["Left Arm"]={tm=.0670;cf=cfr(-.405,-.093,.328,-.763,.483,-.429,-.619,-.357,.7,.184,.8,.571);es="Linear";ed="In";};["Head"]={tm=.2000;cf=cfr(0,0,0,.998,-.051,-.031,.036,.933,-.357,.047,.355,.934);es="Linear";ed="In";};};{tm=1.467;["Torso"]={tm=.0659;cf=cfr(0,.502,-3.826,1,0,.01,0,1,-.024,-.01,.024,1);es="Linear";ed="In";};["Right Arm"]={tm=.0659;cf=cfr(.346,.17,.244,-.54,-.524,.658,.83,-.201,.521,-.141,.828,.543);es="Linear";ed="In";};["Left Arm"]={tm=.0659;cf=cfr(-.384,.162,.34,-.64,.464,-.613,-.738,-.146,.659,.216,.874,.435);es="Linear";ed="In";};};{tm=1.533;["Torso"]={tm=.0670;cf=cfr(0,.5,-3.826,1,0,0,0,.999,-.034,0,.034,.999);es="Linear";ed="In";};["Right Arm"]={tm=.0670;cf=cfr(.26,.223,.258,-.476,-.501,.723,.865,-.12,.487,-.157,.857,.491);es="Linear";ed="In";};["Left Arm"]={tm=.0670;cf=cfr(-.365,.285,.354,-.566,.399,-.722,-.803,-.065,.593,.189,.915,.357);es="Linear";ed="In";};};{tm=1.6;["Torso"]={tm=.0669;cf=cfr(0,.5,-3.812,1,0,.004,0,.999,-.041,-.004,.041,.999);es="Linear";ed="In";};["Right Arm"]={tm=.0669;cf=cfr(.26,.232,.259,-.484,-.501,.717,.854,-.091,.512,-.191,.86,.472);es="Linear";ed="In";};["Left Arm"]={tm=.2669;cf=cfr(-.385,.268,.354,-.581,.383,-.718,-.786,-.036,.617,.21,.923,.322);es="Linear";ed="In";};["Head"]={tm=.1999;cf=cfr(0,0,0,.994,-.073,-.08,.092,.957,.276,.056,-.282,.958);es="Linear";ed="In";};};{tm=1.667;["Torso"]={tm=.0660;cf=cfr(0,.396,-3.561,1,0,.004,0,.998,-.067,-.004,.067,.998);es="Linear";ed="In";};["Right Arm"]={tm=.0660;cf=cfr(.235,.148,.246,-.484,-.487,.727,.803,.084,.59,-.349,.869,.35);es="Linear";ed="In";};};{tm=1.733;["Torso"]={tm=.1339;cf=cfr(0,.293,-3.063,1,0,.004,.001,.987,-.159,-.004,.159,.987);es="Linear";ed="In";};["Right Arm"]={tm=.1339;cf=cfr(.13,.052,.223,-.375,-.478,.794,.69,.428,.584,-.619,.767,.169);es="Linear";ed="In";};};{tm=1.8;["Head"]={tm=.1999;cf=cfr(0,0,0,.983,-.146,-.111,.181,.861,.476,.026,-.488,.873);es="Linear";ed="In";};};{tm=1.867;["Torso"]={tm=.0660;cf=cfr(-.027,.124,-2.113,1,-.006,-.019,.001,.963,-.27,.02,.27,.963);es="Linear";ed="In";};["Right Arm"]={tm=.0660;cf=cfr(.09,-.229,-.006,-.019,-.479,.878,.426,.79,.441,-.904,.382,.189);es="Linear";ed="In";};["Left Arm"]={tm=.0660;cf=cfr(-.285,-.272,.006,-.094,.465,-.88,-.538,.72,.438,.838,.515,.182);es="Linear";ed="In";};};{tm=1.933;["Torso"]={tm=.0669;cf=cfr(-.092,.085,-1.975,.999,-.014,-.042,.001,.957,-.29,.044,.29,.956);es="Linear";ed="In";};["Left Leg"]={tm=.534;cf=cfr(0,0,0,1,0,0,0,1,0,0,0,1);es="Linear";ed="In";};["Right Arm"]={tm=.0669;cf=cfr(.16,-.207,-.122,.062,-.399,.915,.331,.873,.358,-.941,.281,.186);es="Linear";ed="In";};["Left Arm"]={tm=.0669;cf=cfr(-.226,-.277,-.081,.025,.412,-.911,-.382,.846,.372,.924,.338,.179);es="Linear";ed="In";};};{tm=2;["Torso"]={tm=.0670;cf=cfr(-.156,.063,-1.967,.998,-.035,-.043,.02,.952,-.305,.051,.303,.951);es="Linear";ed="In";};["Right Arm"]={tm=.133;cf=cfr(.141,-.19,-.136,.057,-.398,.916,.345,.869,.356,-.937,.296,.187);es="Linear";ed="In";};["Left Arm"]={tm=.0670;cf=cfr(-.204,-.201,-.078,.065,.426,-.902,-.256,.881,.398,.964,.205,.166);es="Linear";ed="In";};["Head"]={tm=.2669;cf=cfr(0,0,0,.947,-.179,-.265,.216,.97,.115,.236,-.166,.957);es="Linear";ed="In";};};{tm=2.067;["Torso"]={tm=.0659;cf=cfr(-.247,.04,-1.985,.994,-.092,-.054,.07,.944,-.321,.081,.316,.945);es="Linear";ed="In";};["Left Arm"]={tm=.3999;cf=cfr(-.2,-.189,-.078,.064,.433,-.899,-.26,.877,.404,.963,.208,.169);es="Linear";ed="In";};};{tm=2.133;["Torso"]={tm=.0670;cf=cfr(-.286,.043,-2.005,.982,-.169,-.085,.138,.947,-.289,.129,.272,.953);es="Linear";ed="In";};["Right Arm"]={tm=.1339;cf=cfr(.021,.188,-.117,.727,-.262,.635,.17,.964,.204,-.665,-.041,.745);es="Linear";ed="In";};};{tm=2.2;["Torso"]={tm=.0669;cf=cfr(-.328,.082,-2.051,.947,-.279,-.159,.236,.94,-.245,.218,.194,.956);es="Linear";ed="In";};};{tm=2.267;["Torso"]={tm=.0660;cf=cfr(-.377,.138,-2.056,.911,-.362,-.199,.327,.926,-.189,.253,.107,.962);es="Linear";ed="In";};["Right Arm"]={tm=.0660;cf=cfr(-.051,.189,-.092,.984,.175,.024,-.176,.96,.218,.015,-.219,.976);es="Linear";ed="In";};["Head"]={tm=.2000;cf=cfr(0,0,0,.704,-.293,-.647,.04,.926,-.376,.709,.239,.664);es="Linear";ed="In";};};{tm=2.333;["Torso"]={tm=.0669;cf=cfr(-.432,.229,-2.021,.906,-.358,-.226,.345,.934,-.097,.246,.009,.969);es="Linear";ed="In";};["Right Arm"]={tm=.0669;cf=cfr(-.096,.188,-.075,.984,.146,.1,-.163,.966,.202,-.067,-.215,.974);es="Linear";ed="In";};};{tm=2.4;["Torso"]={tm=.0670;cf=cfr(-.38,.32,-1.974,.91,-.353,-.217,.365,.931,.019,.195,-.096,.976);es="Linear";ed="In";};["Right Arm"]={tm=.0670;cf=cfr(-.145,.104,-.04,.962,.181,.206,-.225,.95,.217,-.157,-.255,.954);es="Linear";ed="In";};};{tm=2.467;["Torso"]={tm=.0659;cf=cfr(-.37,.412,-1.974,.921,-.352,-.167,.37,.925,.09,.123,-.145,.982);es="Linear";ed="In";};["Left Leg"]={tm=.1999;cf=cfr(-1.267,1.266,.356,.948,-.276,-.16,.184,.883,-.432,.261,.38,.887);es="Linear";ed="In";};["Right Arm"]={tm=.6659;cf=cfr(-.199,.017,-.013,.941,.141,.307,-.205,.961,.185,-.269,-.237,.933);es="Linear";ed="In";};["Left Arm"]={tm=.9329;cf=cfr(.224,-.151,.309,-.158,.958,-.238,-.719,.053,.693,.677,.281,.681);es="Linear";ed="In";};["Right Leg"]={tm=.266;cf=cfr(0,0,0,1,0,0,0,1,0,0,0,1);es="Linear";ed="In";};["Head"]={tm=.5329;cf=cfr(0,0,0,.801,-.256,-.541,-.097,.837,-.539,.59,.484,.646);es="Linear";ed="In";};};{tm=2.533;["Torso"]={tm=.1339;cf=cfr(-.307,.439,-1.974,.921,-.369,-.121,.385,.911,.147,.056,-.183,.982);es="Linear";ed="In";};};{tm=2.667;["Torso"]={tm=.0660;cf=cfr(-.113,.444,-1.974,.968,-.252,.016,.247,.959,.14,-.05,-.132,.99);es="Linear";ed="In";};["Left Leg"]={tm=.133;cf=cfr(-.803,1.047,.784,.989,-.114,.094,.148,.764,-.628,-.001,.635,.773);es="Linear";ed="In";};};{tm=2.733;["Torso"]={tm=.0669;cf=cfr(.028,.482,-1.973,.976,-.192,.104,.179,.976,.122,-.125,-.101,.987);es="Linear";ed="In";};["Right Leg"]={tm=.0669;cf=cfr(.775,1.433,.277,.943,.07,-.325,-.118,.984,-.132,.311,.163,.937);es="Linear";ed="In";};};{tm=2.8;["Torso"]={tm=.0670;cf=cfr(.081,.478,-1.973,.981,-.137,.139,.126,.989,.08,-.148,-.061,.987);es="Linear";ed="In";};["Left Leg"]={tm=.0670;cf=cfr(-.504,.641,1.006,.974,.058,.221,.163,.503,-.849,-.161,.862,.481);es="Linear";ed="In";};["Right Leg"]={tm=.0670;cf=cfr(.714,1.618,.248,.922,.019,-.386,-.079,.987,-.138,.379,.158,.912);es="Linear";ed="In";};};{tm=2.867;["Torso"]={tm=.0659;cf=cfr(.122,.495,-1.973,.98,-.126,.157,.118,.991,.059,-.163,-.039,.986);es="Linear";ed="In";};["Left Leg"]={tm=.266;cf=cfr(-.512,.654,1.001,.971,.072,.227,.163,.495,-.853,-.174,.866,.469);es="Linear";ed="In";};["Right Leg"]={tm=.0659;cf=cfr(.717,1.664,.255,.922,.016,-.386,-.069,.99,-.123,.38,.14,.914);es="Linear";ed="In";};};{tm=2.933;["Torso"]={tm=.0670;cf=cfr(.126,.445,-1.961,.979,-.125,.158,.122,.992,.028,-.16,-.008,.987);es="Linear";ed="In";};["Right Leg"]={tm=.0670;cf=cfr(.717,1.664,.255,.922,.01,-.386,-.066,.989,-.133,.381,.149,.913);es="Linear";ed="In";};};{tm=3;["Torso"]={tm=.133;cf=cfr(.15,.348,-1.948,.976,-.137,.168,.15,.986,-.07,-.156,.093,.983);es="Linear";ed="In";};["Right Leg"]={tm=.133;cf=cfr(.717,1.664,.255,.922,.003,-.387,-.067,.986,-.152,.381,.166,.91);es="Linear";ed="In";};["Head"]={tm=.5350;cf=cfr(0,0,0,.985,.156,.071,-.082,.792,-.605,-.151,.59,.793);es="Linear";ed="In";};};{tm=3.133;["Torso"]={tm=.1339;cf=cfr(.229,.207,-1.73,.947,-.074,.311,.198,.899,-.39,-.251,.431,.867);es="Linear";ed="In";};["Left Leg"]={tm=.1339;cf=cfr(-.774,.86,.719,.743,-.465,.482,.646,.688,-.331,-.177,.557,.811);es="Linear";ed="In";};["Right Arm"]={tm=.734;cf=cfr(-.111,-.107,-.017,.215,-.971,.11,.685,.23,.691,-.696,-.073,.714);es="Linear";ed="In";};["Right Leg"]={tm=.1339;cf=cfr(.738,1.63,.245,.912,-.149,-.381,.056,.968,-.244,.406,.201,.892);es="Linear";ed="In";};};{tm=3.267;["Torso"]={tm=.0660;cf=cfr(.216,.158,-1.579,.936,-.081,.342,.256,.824,-.506,-.241,.561,.792);es="Linear";ed="In";};["Left Leg"]={tm=.0660;cf=cfr(-.89,.9,.386,.631,-.637,.442,.702,.712,.023,-.33,.296,.896);es="Linear";ed="In";};["Right Leg"]={tm=.0660;cf=cfr(.763,1.599,.235,.895,-.227,-.385,.124,.954,-.274,.429,.198,.881);es="Linear";ed="In";};};{tm=3.333;["Torso"]={tm=.0669;cf=cfr(.184,.171,-1.477,.936,-.098,.339,.281,.787,-.549,-.213,.609,.764);es="Linear";ed="In";};["Left Leg"]={tm=.0669;cf=cfr(-.945,.864,.303,.643,-.628,.439,.666,.741,.085,-.379,.237,.895);es="Linear";ed="In";};["Right Leg"]={tm=.0669;cf=cfr(.752,1.591,.22,.878,-.291,-.38,.188,.94,-.285,.44,.178,.88);es="Linear";ed="In";};};{tm=3.4;["Torso"]={tm=.133;cf=cfr(.098,.184,-1.372,.929,-.095,.359,.3,.762,-.574,-.219,.641,.736);es="Linear";ed="In";};["Left Leg"]={tm=.133;cf=cfr(-.994,.896,.321,.709,-.558,.431,.567,.815,.122,-.419,.158,.894);es="Linear";ed="In";};["Left Arm"]={tm=.4670;cf=cfr(-.046,.059,.22,.723,.345,-.598,-.171,.929,.33,.669,-.136,.731);es="Linear";ed="In";};["Right Leg"]={tm=.133;cf=cfr(.766,1.525,.207,.869,-.341,-.358,.216,.913,-.346,.445,.223,.867);es="Linear";ed="In";};};{tm=3.533;["Torso"]={tm=.1339;cf=cfr(-.103,.297,-1.059,.918,-.238,.318,.384,.736,-.557,-.101,.633,.767);es="Linear";ed="In";};["Left Leg"]={tm=.1339;cf=cfr(-.822,.895,.244,.863,-.272,.426,.272,.96,.062,-.426,.063,.903);es="Linear";ed="In";};["Right Leg"]={tm=.1339;cf=cfr(.735,1.33,.218,.86,-.431,-.272,.361,.892,-.273,.36,.136,.923);es="Linear";ed="In";};};{tm=3.535;["Head"]={tm=.532;cf=cfr(0,0,0,.984,.16,.073,.006,.386,-.922,-.176,.908,.379);es="Linear";ed="In";};};{tm=3.667;["Torso"]={tm=.0660;cf=cfr(-.3,.241,-.692,.884,-.34,.32,.465,.702,-.539,-.041,.626,.779);es="Linear";ed="In";};["Left Leg"]={tm=.0660;cf=cfr(-.699,.744,.174,.898,-.003,.44,-.035,.996,.079,-.439,-.086,.895);es="Linear";ed="In";};["Right Leg"]={tm=.0660;cf=cfr(.746,.959,.094,.824,-.506,-.255,.457,.859,-.23,.336,.073,.939);es="Linear";ed="In";};};{tm=3.733;["Torso"]={tm=.0669;cf=cfr(-.36,.198,-.6,.872,-.357,.335,.488,.675,-.552,-.029,.645,.763);es="Linear";ed="In";};["Left Leg"]={tm=.0669;cf=cfr(-.649,.656,.14,.893,.123,.432,-.172,.982,.076,-.415,-.142,.899);es="Linear";ed="In";};["Right Leg"]={tm=.0669;cf=cfr(.683,.84,.097,.779,-.581,-.236,.525,.81,-.261,.343,.08,.936);es="Linear";ed="In";};};{tm=3.8;["Torso"]={tm=.0670;cf=cfr(-.388,.166,-.554,.878,-.361,.312,.478,.676,-.561,-.008,.642,.767);es="Linear";ed="In";};["Left Leg"]={tm=.0670;cf=cfr(-.629,.572,.126,.896,.148,.42,-.193,.979,.066,-.401,-.14,.905);es="Linear";ed="In";};["Right Leg"]={tm=.0670;cf=cfr(.638,.752,.092,.762,-.603,-.236,.544,.794,-.271,.351,.078,.933);es="Linear";ed="In";};};{tm=3.867;["Torso"]={tm=.2000;cf=cfr(-.404,.101,-.51,.897,-.345,.275,.44,.737,-.513,-.026,.581,.813);es="Linear";ed="In";};["Left Leg"]={tm=.1000;cf=cfr(-.619,.51,.108,.916,.02,.4,-.093,.982,.163,-.39,-.187,.902);es="Linear";ed="In";};["Right Arm"]={tm=.4000;cf=cfr(-.013,-.243,-.021,.192,-.879,.436,.642,.448,.622,-.742,.161,.651);es="Linear";ed="In";};["Left Arm"]={tm=.133;cf=cfr(.004,.003,.177,.491,.402,-.773,-.294,.912,.287,.82,.087,.565);es="Linear";ed="In";};["Right Leg"]={tm=.1000;cf=cfr(.624,.605,.086,.806,-.55,-.219,.482,.824,-.298,.344,.135,.929);es="Linear";ed="In";};};{tm=3.967;["Left Leg"]={tm=.1000;cf=cfr(-.343,.258,.117,.895,-.194,.401,.102,.966,.239,-.433,-.174,.884);es="Linear";ed="In";};["Right Leg"]={tm=.1000;cf=cfr(.652,.384,.035,.95,-.27,-.159,.241,.954,-.179,.2,.131,.971);es="Linear";ed="In";};};{tm=4;["Left Arm"]={tm=.2000;cf=cfr(.005,.002,.107,.665,.276,-.694,-.182,.961,.207,.724,-.011,.689);es="Linear";ed="In";};};{tm=4.067;["Torso"]={tm=.0659;cf=cfr(-.427,.08,-.214,.979,-.186,.078,.196,.971,-.137,-.051,.15,.987);es="Linear";ed="In";};["Left Leg"]={tm=.0659;cf=cfr(-.067,.007,.127,.835,-.413,.365,.323,.903,.284,-.446,-.119,.887);es="Linear";ed="In";};["Right Leg"]={tm=.0659;cf=cfr(.63,.122,.011,.993,.06,-.098,-.065,.997,-.045,.095,.051,.994);es="Linear";ed="In";};["Head"]={tm=.133;cf=cfr(0,0,0,.976,.216,-.021,-.215,.976,.031,.027,-.026,.999);es="Linear";ed="In";};};{tm=4.133;["Torso"]={tm=.0670;cf=cfr(-.426,.124,-.195,.994,-.103,.042,.103,.995,.001,-.042,.003,.999);es="Linear";ed="In";};["Left Leg"]={tm=.0670;cf=cfr(.045,-.067,.112,.738,-.593,.323,.489,.799,.349,-.465,-.1,.88);es="Linear";ed="In";};["Right Leg"]={tm=.0670;cf=cfr(.605,.028,.016,.977,.209,-.042,-.21,.977,-.037,.033,.045,.998);es="Linear";ed="In";};};{tm=4.2;["Torso"]={tm=.133;cf=cfr(-.404,.072,-.183,.999,-.053,.012,.052,.997,.057,-.015,-.056,.998);es="Linear";ed="In";};["Left Leg"]={tm=.133;cf=cfr(.029,-.147,.216,.675,-.67,.309,.602,.742,.295,-.427,-.013,.904);es="Linear";ed="In";};["Left Arm"]={tm=.2000;cf=cfr(.007,0,.001,.988,-.064,-.141,.069,.997,.033,.138,-.042,.99);es="Linear";ed="In";};["Right Leg"]={tm=.133;cf=cfr(.525,.012,.013,.965,.261,-.016,-.262,.965,-.009,.013,.013,1);es="Linear";ed="In";};["Head"]={tm=.2000;cf=cfr(0,0,0,.991,.133,-.012,-.132,.99,.052,.018,-.05,.999);es="Linear";ed="In";};};{tm=4.267;["Right Arm"]={tm=.133;cf=cfr(-.006,-.11,-.01,.944,-.266,-.195,.29,.951,.106,.158,-.156,.975);es="Linear";ed="In";};};{tm=4.333;["Torso"]={tm=.1339;cf=cfr(-.269,-.019,-.121,1,-.016,-.027,.017,1,.016,.027,-.016,1);es="Linear";ed="In";};["Left Leg"]={tm=.0670;cf=cfr(-.48,-.132,.051,.865,-.5,.035,.475,.84,.262,-.16,-.21,.964);es="Linear";ed="In";};["Right Leg"]={tm=.1339;cf=cfr(.558,.034,.012,.971,.237,-.017,-.233,.965,.118,.044,-.111,.993);es="Linear";ed="In";};};{tm=4.4;["Left Leg"]={tm=.0669;cf=cfr(-.358,-.016,.048,.96,-.251,.123,.218,.947,.237,-.176,-.2,.964);es="Linear";ed="In";};["Right Arm"]={tm=.0669;cf=cfr(-.004,-.066,-.006,.941,-.061,-.334,.08,.996,.044,.33,-.068,.942);es="Linear";ed="In";};["Left Arm"]={tm=.1999;cf=cfr(.004,0,.001,.988,-.04,.152,.045,.998,-.033,-.15,.039,.988);es="Linear";ed="In";};["Head"]={tm=.0999;cf=cfr(0,0,0,1,.004,.003,-.003,.964,-.266,-.004,.266,.964);es="Linear";ed="In";};};{tm=4.467;["Torso"]={tm=.133;cf=cfr(-.098,-.089,-.062,1,.003,-.025,-.006,.996,-.092,.024,.093,.995);es="Linear";ed="In";};["Left Leg"]={tm=.0660;cf=cfr(-.321,.061,.04,.981,-.075,.179,.037,.978,.206,-.19,-.195,.962);es="Linear";ed="In";};["Right Arm"]={tm=.0660;cf=cfr(-.002,-.044,-.004,.955,-.017,-.297,.034,.998,.05,.296,-.058,.954);es="Linear";ed="In";};["Right Leg"]={tm=.133;cf=cfr(.557,.055,.011,.995,.095,-.037,-.086,.978,.192,.055,-.188,.981);es="Linear";ed="In";};};{tm=4.5;["Head"]={tm=.0999;cf=cfr(0,0,0,.999,.046,.011,-.04,.946,-.323,-.026,.322,.946);es="Linear";ed="In";};};{tm=4.533;["Left Leg"]={tm=.0669;cf=cfr(-.303,.048,.029,.981,-.036,.189,-.003,.98,.201,-.192,-.198,.961);es="Linear";ed="In";};["Right Arm"]={tm=.0669;cf=cfr(-.001,-.022,-.002,.979,-.021,-.204,.029,.999,.036,.203,-.041,.978);es="Linear";ed="In";};};{tm=4.6;["Torso"]={tm=.133;cf=cfr(-.031,-.033,-.055,1,.009,-.007,-.009,.993,-.117,.006,.117,.993);es="Linear";ed="In";};["Left Leg"]={tm=.133;cf=cfr(-.34,.066,.019,.981,-.027,.192,-.012,.979,.202,-.194,-.2,.96);es="Linear";ed="In";};["Right Arm"]={tm=.0670;cf=cfr(0,0,0,.984,-.042,-.174,.043,.999,.004,.173,-.011,.985);es="Linear";ed="In";};["Left Arm"]={tm=.133;cf=cfr(0,0,0,.982,0,.186,-.007,.999,.038,-.186,-.038,.982);es="Linear";ed="In";};["Right Leg"]={tm=.0670;cf=cfr(.557,.055,.011,.998,.02,-.051,-.01,.982,.188,.054,-.187,.981);es="Linear";ed="In";};["Head"]={tm=.133;cf=cfr(0,0,0,1,-.001,-.009,-.002,.963,-.268,.009,.268,.963);es="Linear";ed="In";};};{tm=4.667;["Right Arm"]={tm=.0659;cf=cfr(0,0,0,.985,-.055,-.166,.056,.998,.005,.165,-.015,.986);es="Linear";ed="In";};["Right Leg"]={tm=.0659;cf=cfr(.546,.066,.011,.999,.01,-.054,.001,.981,.192,.055,-.191,.98);es="Linear";ed="In";};};{tm=4.733;["Torso"]={tm=0;cf=cfr(-.029,-.024,-.068,1,.011,-.013,-.013,.992,-.122,.012,.122,.992);es="Linear";ed="In";};["Left Leg"]={tm=0;cf=cfr(-.359,.069,.019,.981,-.025,.191,-.013,.981,.192,-.193,-.191,.962);es="Linear";ed="In";};["Right Arm"]={tm=0;cf=cfr(0,0,0,.982,-.054,-.181,.056,.998,.007,.18,-.017,.983);es="Linear";ed="In";};["Left Arm"]={tm=0;cf=cfr(0,0,0,.985,.001,.175,-.01,.999,.05,-.174,-.051,.983);es="Linear";ed="In";};["Right Leg"]={tm=0;cf=cfr(.554,.079,.011,.998,.007,-.055,.004,.981,.196,.055,-.196,.979);es="Linear";ed="In";};["Head"]={tm=0;cf=cfr(0,0,0,1,-.005,-.021,0,.971,-.24,.022,.24,.971);es="Linear";ed="In";};};}