-- // converted using mech's animoduler
local cfr = CFrame.new

return {{tm=0;["Torso"]={tm=.1;cf=cfr(0,0,-.045,1,0,0,0,.981,-.193,0,.193,.981);es="Linear";ed="In";};["Head"]={tm=.1;cf=cfr(0,0,0,1,0,0,0,.994,.114,0,-.114,.994);es="Linear";ed="In";};["Right Arm"]={tm=.033;cf=cfr(-.169,-.232,.15,.251,-.92,.301,.912,.329,.245,-.325,.213,.922);es="Linear";ed="In";};["Left Arm"]={tm=.167;cf=cfr(-.017,-.089,.251,.309,.668,-.677,-.687,.649,.327,.658,.364,.659);es="Linear";ed="In";};};{tm=.033;["Right Arm"]={tm=.034;cf=cfr(-.096,-.194,-.008,.265,-.857,-.442,.964,.25,.095,.029,-.451,.892);es="Linear";ed="In";};};{tm=.067;["Right Arm"]={tm=.033;cf=cfr(.111,-.205,.217,.029,-.35,-.936,.954,.289,-.079,.298,-.891,.342);es="Linear";ed="In";};};{tm=.1;["Torso"]={tm=.067;cf=cfr(0,0,-.045,.964,.266,-.032,-.266,.964,-.01,.028,.018,.999);es="Linear";ed="In";};["Head"]={tm=.067;cf=cfr(0,0,0,.967,-.249,.053,.253,.964,-.084,-.03,.095,.995);es="Linear";ed="In";};["Right Arm"]={tm=.067;cf=cfr(.131,.055,.362,-.298,-.219,-.929,.953,-.009,-.303,.058,-.976,.211);es="Linear";ed="In";};};{tm=.167;["Torso"]={tm=.066;cf=cfr(0,0,-.045,.926,.377,-.033,-.374,.925,.074,.058,-.056,.997);es="Linear";ed="In";};["Head"]={tm=.066;cf=cfr(0,0,0,.921,-.376,.099,.387,.913,-.131,-.041,.159,.986);es="Linear";ed="In";};["Right Arm"]={tm=.033;cf=cfr(.026,.136,.515,-.202,.068,-.977,.946,-.243,-.213,-.252,-.968,-.016);es="Linear";ed="In";};["Left Arm"]={tm=.066;cf=cfr(-.2,-.49,.161,-.028,.958,-.284,-.637,.202,.744,.77,.202,.605);es="Linear";ed="In";};};{tm=.2;["Right Arm"]={tm=.033;cf=cfr(.515,.042,.417,-.378,-.346,-.859,.925,-.106,-.365,.035,-.932,.36);es="Linear";ed="In";};};{tm=.233;["Torso"]={tm=.0669;cf=cfr(0,0,-.045,.996,.084,-.008,-.084,.987,-.135,-.003,.136,.991);es="Linear";ed="In";};["Head"]={tm=.0669;cf=cfr(0,0,0,.997,-.081,.018,.08,.996,.025,-.02,-.024,1);es="Linear";ed="In";};["Right Arm"]={tm=.034;cf=cfr(.977,-.091,-.14,-.104,-.992,-.074,.994,-.101,-.05,.042,-.079,.996);es="Linear";ed="In";};["Left Arm"]={tm=.0669;cf=cfr(.032,-.297,.153,.1,.875,-.474,-.76,.374,.531,.642,.308,.703);es="Linear";ed="In";};};{tm=.267;["Right Arm"]={tm=.0329;cf=cfr(.994,-.095,-.341,-.182,-.965,.188,.983,-.172,.066,-.031,.197,.98);es="Linear";ed="In";};};{tm=.3;["Torso"]={tm=.1000;cf=cfr(0,0,-.045,.971,-.22,.099,.238,.935,-.263,-.035,.279,.96);es="Linear";ed="In";};["Head"]={tm=.1000;cf=cfr(0,0,0,.965,.262,0,-.26,.959,.114,.03,-.11,.994);es="Linear";ed="In";};["Right Arm"]={tm=.0330;cf=cfr(.593,-.203,-.784,-.142,-.169,.975,.99,-.042,.137,.018,.985,.173);es="Linear";ed="In";};["Left Arm"]={tm=.1000;cf=cfr(.265,-.104,.146,.817,.282,-.503,-.17,.951,.257,.551,-.125,.825);es="Linear";ed="In";};};{tm=.333;["Right Arm"]={tm=.067;cf=cfr(.536,-.232,-.838,-.156,-.099,.983,.988,-.005,.156,-.01,.995,.099);es="Linear";ed="In";};};{tm=.4;["Torso"]={tm=.0999;cf=cfr(0,0,-.045,.931,-.322,.171,.357,.902,-.242,-.076,.286,.955);es="Linear";ed="In";};["Head"]={tm=.0999;cf=cfr(0,0,0,.916,.402,0,-.4,.91,.114,.046,-.104,.994);es="Linear";ed="In";};["Right Arm"]={tm=.0999;cf=cfr(.47,-.241,-.77,-.229,-.011,.973,.973,.01,.229,-.012,1,.008);es="Linear";ed="In";};["Left Arm"]={tm=.0999;cf=cfr(.391,-.158,.12,.803,.4,-.442,-.328,.916,.232,.498,-.042,.866);es="Linear";ed="In";};};{tm=.5;["Torso"]={tm=0;cf=cfr(0,0,-.045,.967,-.223,.121,.244,.949,-.201,-.07,.224,.972);es="Linear";ed="In";};["Head"]={tm=0;cf=cfr(0,0,0,.955,.297,-.004,-.294,.949,.11,.037,-.103,.994);es="Linear";ed="In";};["Right Arm"]={tm=0;cf=cfr(.554,-.211,-.592,.066,-.325,.943,.919,.388,.07,-.389,.862,.324);es="Linear";ed="In";};["Left Arm"]={tm=0;cf=cfr(.38,-.159,.088,.876,.398,-.273,-.366,.916,.164,.316,-.044,.948);es="Linear";ed="In";};};}