-- // converted using mech's animoduler
local cfr = CFrame.new

return {{tm=0;["Torso"]={tm=.1;cf=cfr(0,0,-.045,1,0,0,0,.981,-.193,0,.193,.981);es="Linear";ed="In";};["Head"]={tm=.1;cf=cfr(0,0,0,1,0,0,0,.994,.114,0,-.114,.994);es="Linear";ed="In";};["Right Arm"]={tm=.167;cf=cfr(-.173,-.228,.127,.307,-.784,.539,.74,.553,.384,-.599,.281,.75);es="Linear";ed="In";};["Left Arm"]={tm=.033;cf=cfr(.04,-.114,.123,.209,.899,-.386,-.868,.352,.349,.45,.262,.854);es="Linear";ed="In";};};{tm=.033;["Left Arm"]={tm=.034;cf=cfr(.028,-.132,.034,.225,.893,.391,-.971,.173,.164,.079,-.417,.906);es="Linear";ed="In";};};{tm=.067;["Left Arm"]={tm=.033;cf=cfr(-.118,-.157,.251,-.039,.389,.92,-.979,.172,-.114,-.202,-.905,.374);es="Linear";ed="In";};};{tm=.1;["Torso"]={tm=.067;cf=cfr(0,0,-.045,.947,-.321,.035,.321,.947,-.007,-.031,.018,.999);es="Linear";ed="In";};["Head"]={tm=.067;cf=cfr(0,0,0,.953,.301,-.041,-.304,.948,-.095,.011,.103,.995);es="Linear";ed="In";};["Left Arm"]={tm=.067;cf=cfr(-.112,.014,.163,-.278,.458,.844,-.955,-.035,-.296,-.106,-.888,.447);es="Linear";ed="In";};};{tm=.167;["Torso"]={tm=.066;cf=cfr(0,0,-.045,.905,-.425,0,.424,.903,.067,-.028,-.061,.998);es="Linear";ed="In";};["Head"]={tm=.066;cf=cfr(0,0,0,.921,.386,-.058,-.39,.909,-.147,-.004,.158,.987);es="Linear";ed="In";};["Right Arm"]={tm=.066;cf=cfr(.254,-.503,.108,-.038,-.967,.251,.703,.153,.695,-.711,.203,.674);es="Linear";ed="In";};["Left Arm"]={tm=.033;cf=cfr(.082,.063,.384,-.101,-.039,.994,-.987,-.12,-.105,.123,-.992,-.026);es="Linear";ed="In";};};{tm=.2;["Left Arm"]={tm=.033;cf=cfr(-.472,.029,.304,-.251,.488,.836,-.961,-.021,-.276,-.117,-.872,.474);es="Linear";ed="In";};};{tm=.233;["Torso"]={tm=.0669;cf=cfr(0,0,-.045,.995,-.098,.004,.098,.986,-.135,.009,.135,.991);es="Linear";ed="In";};["Head"]={tm=.0669;cf=cfr(0,0,0,.998,.063,.007,-.063,.998,.025,-.005,-.026,1);es="Linear";ed="In";};["Right Arm"]={tm=.0669;cf=cfr(.172,-.293,.173,-.002,-.871,.492,.746,.326,.58,-.666,.368,.649);es="Linear";ed="In";};["Left Arm"]={tm=.034;cf=cfr(-.856,-.078,.012,-.146,.943,.298,-.989,-.135,-.056,-.013,-.303,.953);es="Linear";ed="In";};};{tm=.267;["Left Arm"]={tm=.0329;cf=cfr(-.97,-.121,-.415,-.162,.965,-.207,-.987,-.158,.036,.002,.21,.978);es="Linear";ed="In";};};{tm=.3;["Torso"]={tm=.1000;cf=cfr(0,0,-.045,.975,.199,-.102,-.221,.932,-.287,.037,.303,.952);es="Linear";ed="In";};["Head"]={tm=.1000;cf=cfr(0,0,0,.96,-.279,.003,.276,.95,.145,-.044,-.138,.989);es="Linear";ed="In";};["Right Arm"]={tm=.1000;cf=cfr(-.342,-.085,.038,.868,-.25,.43,.144,.954,.262,-.476,-.165,.864);es="Linear";ed="In";};["Left Arm"]={tm=.0330;cf=cfr(-.53,-.261,-.787,-.087,.113,-.99,-.996,-.029,.084,-.02,.993,.115);es="Linear";ed="In";};};{tm=.333;["Left Arm"]={tm=.067;cf=cfr(-.501,-.255,-.901,-.051,.05,-.997,-.999,-.001,.051,.001,.999,.05);es="Linear";ed="In";};};{tm=.4;["Torso"]={tm=.0999;cf=cfr(0,0,-.045,.93,.321,-.177,-.361,.887,-.289,.065,.333,.941);es="Linear";ed="In";};["Head"]={tm=.0999;cf=cfr(0,0,0,.906,-.421,-.042,.421,.885,.201,-.047,-.2,.979);es="Linear";ed="In";};["Right Arm"]={tm=.0999;cf=cfr(-.441,-.169,.099,.757,-.446,.478,.354,.894,.273,-.549,-.037,.835);es="Linear";ed="In";};["Left Arm"]={tm=.0999;cf=cfr(-.488,-.198,-.918,-.049,-.07,-.996,-.998,.038,.047,.034,.997,-.072);es="Linear";ed="In";};};{tm=.5;["Torso"]={tm=0;cf=cfr(0,0,-.045,.967,.228,-.114,-.249,.94,-.234,.054,.255,.965);es="Linear";ed="In";};["Head"]={tm=0;cf=cfr(0,0,0,.957,-.292,-.008,.29,.948,.132,-.031,-.129,.991);es="Linear";ed="In";};["Right Arm"]={tm=0;cf=cfr(-.441,-.169,.099,.82,-.425,.383,.389,.905,.173,-.42,.007,.908);es="Linear";ed="In";};["Left Arm"]={tm=0;cf=cfr(-.496,-.185,-.509,-.074,.103,-.992,-.89,.442,.112,.45,.891,.058);es="Linear";ed="In";};};}