-- // converted using mech's animoduler
local cfr = CFrame.new

return {{tm=0;["Torso"]={tm=.117;cf=cfr(0,-.39,-.11,.992,.029,.122,0,.973,-.233,-.125,.231,.965);es="Linear";ed="In";};["Left Leg"]={tm=.117;cf=cfr(-.607,.128,.184,.915,-.279,.29,.242,.957,.158,-.322,-.075,.944);es="Linear";ed="In";};["Right Arm"]={tm=.117;cf=cfr(.412,-.561,.372,-.666,-.667,-.333,.29,-.644,.708,-.687,.375,.622);es="Linear";ed="In";};["Head"]={tm=.033;cf=cfr(0,0,0,.902,.278,.329,-.21,.951,-.228,-.376,.137,.916);es="Linear";ed="In";};["Left Arm"]={tm=.25;cf=cfr(-.173,-.38,.264,-.442,.655,.613,-.146,-.727,.671,.885,.207,.417);es="Linear";ed="In";};["Right Leg"]={tm=.117;cf=cfr(.412,-.046,.234,.859,.152,-.489,-.229,.968,-.101,.458,.199,.866);es="Linear";ed="In";};};{tm=.033;["Head"]={tm=.084;cf=cfr(0,0,0,.896,.275,.349,-.175,.94,-.291,-.408,.2,.891);es="Linear";ed="In";};};{tm=.117;["Torso"]={tm=.2;cf=cfr(0,-.37,-.117,.991,.05,.124,-.018,.969,-.248,-.133,.244,.961);es="Linear";ed="In";};["Left Leg"]={tm=.2;cf=cfr(-.604,.158,.178,.92,-.261,.292,.218,.961,.171,-.325,-.093,.941);es="Linear";ed="In";};["Right Arm"]={tm=.2;cf=cfr(.387,-.569,.374,-.682,-.634,-.366,.255,-.674,.693,-.686,.379,.621);es="Linear";ed="In";};["Head"]={tm=.0659;cf=cfr(0,0,0,.876,.282,.391,-.132,.921,-.367,-.464,.27,.844);es="Linear";ed="In";};["Right Leg"]={tm=.2;cf=cfr(.412,-.046,.234,.866,.115,-.487,-.203,.97,-.131,.457,.212,.864);es="Linear";ed="In";};};{tm=.183;["Head"]={tm=.067;cf=cfr(0,0,0,.878,.302,.371,-.15,.91,-.385,-.455,.283,.845);es="Linear";ed="In";};};{tm=.25;["Head"]={tm=.1169;cf=cfr(0,0,0,.905,.292,.309,-.155,.904,-.399,-.396,.314,.863);es="Linear";ed="In";};["Left Arm"]={tm=.067;cf=cfr(-.173,-.38,.263,-.477,.562,.675,-.121,-.803,.583,.871,.197,.451);es="Linear";ed="In";};};{tm=.317;["Torso"]={tm=.1159;cf=cfr(0,-.39,-.13,.986,.117,.118,-.078,.952,-.296,-.147,.283,.948);es="Linear";ed="In";};["Left Leg"]={tm=.1159;cf=cfr(-.609,.173,.176,.913,-.255,.318,.205,.962,.181,-.352,-.1,.931);es="Linear";ed="In";};["Right Arm"]={tm=.2;cf=cfr(.358,-.579,.387,-.643,-.686,-.341,.296,-.633,.715,-.706,.359,.61);es="Linear";ed="In";};["Left Arm"]={tm=.2;cf=cfr(-.17,-.378,.286,-.46,.537,.707,-.073,-.817,.572,.885,.212,.415);es="Linear";ed="In";};["Right Leg"]={tm=.1159;cf=cfr(.412,-.046,.234,.877,.013,-.481,-.121,.973,-.194,.466,.228,.855);es="Linear";ed="In";};};{tm=.367;["Head"]={tm=.1000;cf=cfr(0,0,0,.927,.242,.286,-.17,.952,-.254,-.334,.187,.924);es="Linear";ed="In";};};{tm=.433;["Torso"]={tm=.0840;cf=cfr(.008,-.39,-.13,.985,.141,.102,-.097,.933,-.347,-.144,.332,.932);es="Linear";ed="In";};["Left Leg"]={tm=.0840;cf=cfr(-.634,.21,.16,.928,-.194,.316,.15,.976,.159,-.34,-.1,.935);es="Linear";ed="In";};["Right Leg"]={tm=.0840;cf=cfr(.41,-.033,.225,.877,-.072,-.474,-.045,.972,-.231,.478,.224,.849);es="Linear";ed="In";};};{tm=.467;["Head"]={tm=.0999;cf=cfr(0,0,0,.921,.182,.344,-.128,.976,-.174,-.367,.116,.923);es="Linear";ed="In";};};{tm=.517;["Torso"]={tm=.133;cf=cfr(.014,-.39,-.13,.988,.114,.109,-.067,.931,-.36,-.142,.348,.927);es="Linear";ed="In";};["Left Leg"]={tm=.133;cf=cfr(-.639,.227,.148,.935,-.159,.318,.115,.981,.154,-.336,-.107,.936);es="Linear";ed="In";};["Right Arm"]={tm=.133;cf=cfr(.371,-.578,.405,-.673,-.637,-.376,.286,-.693,.662,-.682,.338,.648);es="Linear";ed="In";};["Left Arm"]={tm=.133;cf=cfr(-.173,-.38,.263,-.548,.442,.711,-.014,-.854,.52,.837,.275,.474);es="Linear";ed="In";};["Right Leg"]={tm=.133;cf=cfr(.409,-.024,.219,.875,-.09,-.476,-.024,.973,-.228,.484,.211,.849);es="Linear";ed="In";};};{tm=.567;["Head"]={tm=.1000;cf=cfr(0,0,0,.919,.22,.326,-.115,.943,-.311,-.376,.248,.893);es="Linear";ed="In";};};{tm=.65;["Torso"]={tm=.0829;cf=cfr(.02,-.39,-.13,.988,.108,.109,-.061,.929,-.366,-.14,.355,.924);es="Linear";ed="In";};["Left Leg"]={tm=.0829;cf=cfr(-.625,.225,.151,.937,-.15,.316,.109,.984,.143,-.332,-.1,.938);es="Linear";ed="In";};["Right Arm"]={tm=.267;cf=cfr(.378,-.577,.416,-.661,-.668,-.343,.299,-.653,.696,-.688,.358,.631);es="Linear";ed="In";};["Left Arm"]={tm=.1669;cf=cfr(-.173,-.38,.263,-.555,.475,.683,-.033,-.833,.553,.831,.284,.478);es="Linear";ed="In";};["Right Leg"]={tm=.0829;cf=cfr(.409,-.015,.224,.875,-.086,-.476,-.026,.974,-.223,.483,.208,.85);es="Linear";ed="In";};};{tm=.667;["Head"]={tm=.0829;cf=cfr(0,0,0,.918,.238,.318,-.102,.915,-.39,-.384,.325,.864);es="Linear";ed="In";};};{tm=.733;["Torso"]={tm=.0839;cf=cfr(.02,-.38,-.1,.989,.096,.115,-.05,.937,-.346,-.141,.336,.931);es="Linear";ed="In";};["Left Leg"]={tm=.0839;cf=cfr(-.63,.192,.158,.935,-.159,.317,.115,.982,.152,-.336,-.106,.936);es="Linear";ed="In";};["Right Leg"]={tm=.0839;cf=cfr(.42,-.049,.206,.884,-.05,-.465,-.049,.979,-.197,.465,.197,.863);es="Linear";ed="In";};};{tm=.75;["Head"]={tm=.1830;cf=cfr(0,0,0,.925,.236,.298,-.082,.889,-.45,-.371,.392,.842);es="Linear";ed="In";};};{tm=.817;["Torso"]={tm=.1000;cf=cfr(.02,-.37,-.07,.989,.081,.12,-.038,.945,-.325,-.14,.317,.938);es="Linear";ed="In";};["Left Leg"]={tm=.1000;cf=cfr(-.64,.154,.165,.934,-.17,.315,.128,.98,.15,-.334,-.1,.937);es="Linear";ed="In";};["Left Arm"]={tm=.1000;cf=cfr(-.173,-.38,.263,-.529,.58,.619,-.094,-.766,.636,.843,.279,.46);es="Linear";ed="In";};["Right Leg"]={tm=.1000;cf=cfr(.41,-.072,.18,.891,-.049,-.452,-.035,.983,-.178,.453,.174,.874);es="Linear";ed="In";};};{tm=.917;["Torso"]={tm=.0999;cf=cfr(.02,-.356,-.06,.991,.049,.126,-.018,.97,-.241,-.134,.236,.962);es="Linear";ed="In";};["Left Leg"]={tm=.0999;cf=cfr(-.594,.107,.167,.92,-.245,.305,.203,.965,.164,-.335,-.089,.938);es="Linear";ed="In";};["Right Arm"]={tm=.0999;cf=cfr(.364,-.577,.399,-.616,-.763,-.196,.394,-.514,.762,-.682,.392,.618);es="Linear";ed="In";};["Left Arm"]={tm=.0999;cf=cfr(-.173,-.38,.263,-.499,.656,.566,-.13,-.703,.7,.857,.276,.436);es="Linear";ed="In";};["Right Leg"]={tm=.0999;cf=cfr(.388,-.077,.178,.886,.072,-.457,-.137,.984,-.111,.442,.161,.882);es="Linear";ed="In";};};{tm=.933;["Head"]={tm=.1670;cf=cfr(0,0,0,.939,.191,.287,-.038,.885,-.465,-.342,.426,.838);es="Linear";ed="In";};};{tm=1.017;["Torso"]={tm=.0830;cf=cfr(.02,-.342,-.065,.99,.079,.118,-.051,.974,-.221,-.132,.213,.968);es="Linear";ed="In";};["Left Leg"]={tm=.0830;cf=cfr(-.598,.079,.174,.909,-.288,.302,.245,.954,.172,-.338,-.083,.938);es="Linear";ed="In";};["Right Arm"]={tm=.1660;cf=cfr(.376,-.573,.392,-.61,-.772,-.176,.406,-.496,.768,-.68,.397,.616);es="Linear";ed="In";};["Left Arm"]={tm=.1660;cf=cfr(-.173,-.38,.263,-.48,.661,.577,-.153,-.711,.686,.864,.241,.442);es="Linear";ed="In";};["Right Leg"]={tm=.0830;cf=cfr(.371,-.071,.179,.882,.08,-.464,-.144,.984,-.104,.448,.158,.88);es="Linear";ed="In";};};{tm=1.1;["Torso"]={tm=.0829;cf=cfr(.01,-.33,-.07,.99,.083,.118,-.052,.969,-.243,-.134,.235,.963);es="Linear";ed="In";};["Left Leg"]={tm=.0829;cf=cfr(-.609,.109,.175,.919,-.254,.3,.21,.962,.173,-.333,-.096,.938);es="Linear";ed="In";};["Head"]={tm=.0669;cf=cfr(0,0,0,.929,.27,.252,-.28,.96,.004,-.241,-.075,.968);es="Linear";ed="In";};["Right Leg"]={tm=.0829;cf=cfr(.38,-.066,.191,.88,.05,-.472,-.128,.983,-.135,.457,.179,.871);es="Linear";ed="In";};};{tm=1.167;["Head"]={tm=.0500;cf=cfr(0,0,0,.921,.289,.263,-.317,.946,.072,-.228,-.149,.962);es="Linear";ed="In";};};{tm=1.183;["Torso"]={tm=.1169;cf=cfr(0,-.33,-.07,.99,.083,.118,-.049,.963,-.263,-.136,.255,.957);es="Linear";ed="In";};["Left Leg"]={tm=.1169;cf=cfr(-.608,.115,.178,.93,-.216,.298,.171,.971,.168,-.325,-.105,.94);es="Linear";ed="In";};["Right Arm"]={tm=.1999;cf=cfr(.404,-.595,.377,-.636,-.733,-.24,.36,-.557,.748,-.682,.39,.618);es="Linear";ed="In";};["Left Arm"]={tm=.1999;cf=cfr(-.173,-.38,.263,-.44,.67,.598,-.167,-.716,.678,.882,.199,.427);es="Linear";ed="In";};["Right Leg"]={tm=.1169;cf=cfr(.381,-.068,.197,.877,.023,-.479,-.113,.981,-.16,.466,.195,.863);es="Linear";ed="In";};};{tm=1.217;["Head"]={tm=.0999;cf=cfr(0,0,0,.915,.298,.274,-.332,.939,.088,-.231,-.172,.958);es="Linear";ed="In";};};{tm=1.3;["Torso"]={tm=.0829;cf=cfr(0,-.365,-.093,.992,.045,.122,-.014,.97,-.241,-.129,.237,.963);es="Linear";ed="In";};["Left Leg"]={tm=.0829;cf=cfr(-.607,.122,.181,.921,-.258,.292,.219,.963,.16,-.323,-.083,.943);es="Linear";ed="In";};["Right Leg"]={tm=.0829;cf=cfr(.399,-.055,.219,.868,.1,-.486,-.184,.974,-.129,.461,.201,.864);es="Linear";ed="In";};};{tm=1.317;["Head"]={tm=.0660;cf=cfr(0,0,0,.905,.293,.307,-.291,.955,-.054,-.309,-.041,.95);es="Linear";ed="In";};};{tm=1.383;["Torso"]={tm=0;cf=cfr(0,-.39,-.11,.992,.029,.122,0,.973,-.233,-.125,.231,.965);es="Linear";ed="In";};["Left Leg"]={tm=0;cf=cfr(-.607,.128,.184,.915,-.279,.29,.242,.957,.158,-.322,-.075,.944);es="Linear";ed="In";};["Right Arm"]={tm=0;cf=cfr(.412,-.561,.372,-.666,-.667,-.333,.29,-.644,.708,-.687,.375,.622);es="Linear";ed="In";};["Head"]={tm=0;cf=cfr(0,0,0,.902,.278,.329,-.21,.951,-.228,-.376,.137,.916);es="Linear";ed="In";};["Left Arm"]={tm=0;cf=cfr(-.173,-.38,.264,-.442,.655,.613,-.146,-.727,.671,.885,.207,.417);es="Linear";ed="In";};["Right Leg"]={tm=0;cf=cfr(.412,-.046,.234,.859,.152,-.489,-.229,.968,-.101,.458,.199,.866);es="Linear";ed="In";};};}