-- // converted using mech's animoduler
local cfr = CFrame.new

return {{tm=0;["Torso"]={tm=.067;cf=cfr(0,-.106,-.079,.971,.238,-.027,-.239,.969,-.065,.011,.069,.998);es="Linear";ed="In";};["Left Leg"]={tm=.067;cf=cfr(.013,.086,.03,.915,-.279,.29,.242,.957,.158,-.322,-.075,.944);es="Linear";ed="In";};["Right Arm"]={tm=.067;cf=cfr(.533,-.283,.316,-.679,-.728,.094,.631,-.514,.581,-.375,.453,.809);es="Linear";ed="In";};["Head"]={tm=.067;cf=cfr(0,0,0,.968,-.222,-.115,.23,.971,.065,.097,-.09,.991);es="Linear";ed="In";};["Left Arm"]={tm=.067;cf=cfr(-.139,-.15,.299,-.705,.696,.136,-.556,-.661,.505,.441,.28,.853);es="Linear";ed="In";};["Right Leg"]={tm=.067;cf=cfr(.563,.117,.042,.985,.175,-.003,-.172,.973,.156,.03,-.153,.988);es="Linear";ed="In";};};{tm=.067;["Torso"]={tm=.133;cf=cfr(0,-.188,-.079,.978,.206,-.025,-.207,.974,-.094,.005,.097,.995);es="Linear";ed="In";};["Left Leg"]={tm=.066;cf=cfr(-.533,.092,.152,.816,-.431,.386,.401,.902,.158,-.416,.026,.909);es="Linear";ed="In";};["Right Arm"]={tm=.066;cf=cfr(.382,-.293,.354,-.646,-.747,.157,.636,-.413,.652,-.422,.521,.742);es="Linear";ed="In";};["Head"]={tm=.066;cf=cfr(0,0,0,.993,-.076,.085,.036,.916,.399,-.108,-.393,.913);es="Linear";ed="In";};["Left Arm"]={tm=.066;cf=cfr(.027,-.161,.259,-.439,.868,.232,-.622,-.479,.619,.649,.128,.75);es="Linear";ed="In";};["Right Leg"]={tm=.066;cf=cfr(.513,.062,.106,.963,.201,-.179,-.177,.973,.145,.204,-.108,.973);es="Linear";ed="In";};};{tm=.133;["Left Leg"]={tm=.067;cf=cfr(-.625,.118,.175,.838,-.443,.318,.428,.896,.122,-.339,.034,.94);es="Linear";ed="In";};["Right Arm"]={tm=.067;cf=cfr(.459,-.417,.365,-.615,-.786,-.066,.387,-.373,.843,-.687,.493,.534);es="Linear";ed="In";};["Head"]={tm=.067;cf=cfr(0,0,0,.892,.23,.388,-.194,.972,-.13,-.408,.041,.912);es="Linear";ed="In";};["Left Arm"]={tm=.067;cf=cfr(-.061,-.294,.27,-.327,.873,.362,-.432,-.479,.764,.841,.094,.533);es="Linear";ed="In";};["Right Leg"]={tm=.067;cf=cfr(.462,.008,.17,.912,.23,-.341,-.225,.973,.056,.344,.026,.939);es="Linear";ed="In";};};{tm=.2;["Torso"]={tm=.067;cf=cfr(0,-.473,-.175,.994,.066,.091,-.048,.982,-.182,-.102,.177,.979);es="Linear";ed="In";};["Left Leg"]={tm=.067;cf=cfr(-.617,.097,.18,.844,-.457,.282,.418,.889,.188,-.336,-.041,.941);es="Linear";ed="In";};["Right Arm"]={tm=.067;cf=cfr(.259,-.59,.38,-.587,-.732,-.346,.256,-.573,.778,-.768,.368,.524);es="Linear";ed="In";};["Head"]={tm=.133;cf=cfr(0,0,0,.772,.395,.499,-.179,.887,-.425,-.61,.239,.755);es="Linear";ed="In";};["Left Arm"]={tm=.067;cf=cfr(-.047,-.426,.259,-.427,.705,.566,-.199,-.684,.702,.882,.187,.433);es="Linear";ed="In";};["Right Leg"]={tm=.067;cf=cfr(.401,.017,.241,.833,.254,-.492,-.304,.952,-.024,.462,.17,.871);es="Linear";ed="In";};};{tm=.267;["Torso"]={tm=.066;cf=cfr(0,-.45,-.167,.991,.072,.114,-.044,.971,-.233,-.127,.226,.966);es="Linear";ed="In";};["Left Leg"]={tm=.066;cf=cfr(-.659,.16,.183,.88,-.384,.279,.341,.921,.191,-.33,-.073,.941);es="Linear";ed="In";};["Right Arm"]={tm=.066;cf=cfr(.354,-.595,.373,-.685,-.652,-.325,.28,-.648,.708,-.672,.394,.626);es="Linear";ed="In";};["Left Arm"]={tm=.066;cf=cfr(-.114,-.457,.268,-.446,.611,.654,-.088,-.757,.648,.891,.231,.391);es="Linear";ed="In";};["Right Leg"]={tm=.066;cf=cfr(.404,-.011,.239,.856,.173,-.488,-.25,.964,-.096,.453,.204,.868);es="Linear";ed="In";};};{tm=.333;["Torso"]={tm=.1669;cf=cfr(0,-.427,-.158,.988,.078,.135,-.042,.966,-.254,-.15,.245,.958);es="Linear";ed="In";};["Left Leg"]={tm=.067;cf=cfr(-.566,.193,.172,.912,-.282,.299,.231,.953,.194,-.34,-.108,.934);es="Linear";ed="In";};["Right Arm"]={tm=.067;cf=cfr(.41,-.57,.358,-.703,-.629,-.333,.26,-.663,.702,-.662,.407,.63);es="Linear";ed="In";};["Head"]={tm=.067;cf=cfr(0,0,0,.886,.277,.372,-.149,.929,-.338,-.439,.244,.865);es="Linear";ed="In";};["Left Arm"]={tm=.067;cf=cfr(-.113,-.401,.309,-.437,.615,.656,-.06,-.748,.661,.898,.249,.364);es="Linear";ed="In";};["Right Leg"]={tm=.067;cf=cfr(.408,-.029,.237,.867,.125,-.482,-.22,.965,-.146,.447,.232,.864);es="Linear";ed="In";};};{tm=.4;["Left Leg"]={tm=.0999;cf=cfr(-.587,.173,.176,.913,-.28,.295,.235,.955,.18,-.333,-.095,.938);es="Linear";ed="In";};["Right Arm"]={tm=.0999;cf=cfr(.424,-.562,.373,-.696,-.633,-.338,.255,-.658,.709,-.671,.407,.619);es="Linear";ed="In";};["Head"]={tm=.0999;cf=cfr(0,0,0,.842,.317,.437,-.171,.924,-.341,-.512,.212,.832);es="Linear";ed="In";};["Left Arm"]={tm=.0999;cf=cfr(-.127,-.401,.292,-.445,.626,.64,-.108,-.747,.656,.889,.223,.401);es="Linear";ed="In";};["Right Leg"]={tm=.0999;cf=cfr(.425,-.043,.235,.862,.145,-.486,-.231,.965,-.122,.451,.217,.866);es="Linear";ed="In";};};{tm=.5;["Torso"]={tm=0;cf=cfr(0,-.39,-.11,.992,.029,.122,0,.973,-.233,-.125,.231,.965);es="Linear";ed="In";};["Left Leg"]={tm=0;cf=cfr(-.607,.128,.184,.915,-.279,.29,.242,.957,.158,-.322,-.075,.944);es="Linear";ed="In";};["Right Arm"]={tm=0;cf=cfr(.412,-.561,.372,-.666,-.667,-.333,.29,-.644,.708,-.687,.375,.622);es="Linear";ed="In";};["Head"]={tm=0;cf=cfr(0,0,0,.902,.278,.329,-.21,.951,-.228,-.376,.137,.916);es="Linear";ed="In";};["Left Arm"]={tm=0;cf=cfr(-.173,-.38,.264,-.442,.655,.613,-.146,-.727,.671,.885,.207,.417);es="Linear";ed="In";};["Right Leg"]={tm=0;cf=cfr(.412,-.046,.234,.859,.152,-.489,-.229,.968,-.101,.458,.199,.866);es="Linear";ed="In";};};}