-- // converted using mech's animoduler
local cfr = CFrame.new

return {{tm=0;["Torso"]={tm=2;cf=cfr(0,0,-.2,.999,.032,.029,-.015,.88,-.475,-.041,.474,.88);es="Linear";ed="In";};["Left Leg"]={tm=2;cf=cfr(-.449,.368,.072,.877,.383,.289,-.41,.911,.036,-.25,-.15,.957);es="Linear";ed="In";};["Right Leg"]={tm=2;cf=cfr(.414,.257,.088,.825,-.48,-.298,.461,.877,-.135,.326,-.025,.945);es="Linear";ed="In";};["Head"]={tm=2;cf=cfr(0,0,0,.997,.052,.055,-.024,.904,-.426,-.072,.424,.903);es="Linear";ed="In";};["Right Arm"]={tm=2;cf=cfr(0,0,0,.695,-.43,.576,.336,.903,.268,-.636,.008,.772);es="Linear";ed="In";};["Left Arm"]={tm=2;cf=cfr(0,0,0,.865,.481,-.144,-.449,.869,.209,.226,-.116,.967);es="Linear";ed="In";};};{tm=2;["Torso"]={tm=1;cf=cfr(0,0,-.22,.999,.032,.029,-.011,.83,-.557,-.042,.557,.83);es="Cubic";ed="InOut";};["Left Leg"]={tm=1;cf=cfr(-.574,.451,.074,.852,.437,.289,-.462,.887,.021,-.248,-.151,.957);es="Cubic";ed="InOut";};["Right Leg"]={tm=1;cf=cfr(.516,.338,.087,.787,-.545,-.289,.522,.838,-.16,.329,-.024,.944);es="Cubic";ed="InOut";};["Head"]={tm=1;cf=cfr(0,0,0,.997,.051,.058,-.015,.863,-.505,-.076,.503,.861);es="Cubic";ed="InOut";};["Right Arm"]={tm=1;cf=cfr(0,0,0,.648,-.542,.535,.425,.84,.336,-.632,.009,.775);es="Cubic";ed="InOut";};["Left Arm"]={tm=1;cf=cfr(0,0,0,.804,.583,-.12,-.549,.804,.229,.23,-.118,.966);es="Cubic";ed="InOut";};};{tm=3;["Torso"]={tm=0;cf=cfr(0,0,-.2,.999,.032,.029,-.015,.88,-.475,-.041,.474,.88);es="Linear";ed="In";};["Left Leg"]={tm=0;cf=cfr(-.449,.368,.072,.877,.383,.289,-.41,.911,.036,-.25,-.15,.957);es="Linear";ed="In";};["Right Leg"]={tm=0;cf=cfr(.414,.257,.088,.825,-.48,-.298,.461,.877,-.135,.326,-.025,.945);es="Linear";ed="In";};["Head"]={tm=0;cf=cfr(0,0,0,.997,.052,.055,-.024,.904,-.426,-.072,.424,.903);es="Linear";ed="In";};["Right Arm"]={tm=0;cf=cfr(0,0,0,.695,-.43,.576,.336,.903,.268,-.636,.008,.772);es="Linear";ed="In";};["Left Arm"]={tm=0;cf=cfr(0,0,0,.865,.481,-.144,-.449,.869,.209,.226,-.116,.967);es="Linear";ed="In";};};}