-- // converted using mech's animoduler
local cfr = CFrame.new

return {{tm=0;["Torso"]={tm=.133;cf=cfr(-.04,.245,-.05,1,.009,-.008,-.012,.94,-.341,.005,.341,.94);es="Linear";ed="In";};["Left Leg"]={tm=.133;cf=cfr(-.326,.193,.088,.883,.236,.405,-.251,.968,-.017,-.396,-.086,.914);es="Linear";ed="In";};["Right Arm"]={tm=.133;cf=cfr(.889,.259,.202,-.562,-.721,-.407,.107,-.551,.828,-.82,.421,.387);es="Linear";ed="In";};["Head"]={tm=.133;cf=cfr(0,0,0,.991,-.122,.051,.066,.791,.609,-.114,-.6,.792);es="Linear";ed="In";};["Right Leg"]={tm=.133;cf=cfr(.146,.066,.061,.921,-.029,-.389,.054,.997,.052,.386,-.069,.92);es="Linear";ed="In";};["Left Arm"]={tm=.133;cf=cfr(-.843,.239,.048,-.61,.684,.401,-.146,-.593,.792,.779,.424,.461);es="Linear";ed="In";};};{tm=.133;["Torso"]={tm=.134;cf=cfr(-.012,.245,-.079,1,.031,.005,-.027,.94,-.341,-.015,.341,.94);es="Linear";ed="In";};["Left Leg"]={tm=.134;cf=cfr(-.313,.23,.086,.881,.235,.41,-.257,.966,-.001,-.397,-.105,.912);es="Linear";ed="In";};["Right Arm"]={tm=.134;cf=cfr(.889,.259,.206,-.561,-.721,-.407,.117,-.556,.823,-.819,.415,.396);es="Linear";ed="In";};["Head"]={tm=.1;cf=cfr(0,0,0,.998,.066,-.012,-.051,.865,.499,.044,-.497,.867);es="Linear";ed="In";};["Right Leg"]={tm=.134;cf=cfr(.146,.066,.061,.922,-.029,-.387,.051,.998,.046,.384,-.062,.921);es="Linear";ed="In";};["Left Arm"]={tm=.134;cf=cfr(-.85,.257,.044,-.583,.715,.385,-.18,-.576,.798,.792,.396,.464);es="Linear";ed="In";};};{tm=.233;["Head"]={tm=.1;cf=cfr(0,0,0,.999,.031,-.033,-.004,.786,.618,.046,-.618,.785);es="Linear";ed="In";};};{tm=.267;["Torso"]={tm=.133;cf=cfr(-.053,.262,-.079,.999,-.031,-.037,.014,.918,-.395,.046,.395,.918);es="Linear";ed="In";};["Left Leg"]={tm=.133;cf=cfr(-.391,.184,.082,.865,.312,.392,-.309,.948,-.073,-.395,-.058,.917);es="Linear";ed="In";};["Right Arm"]={tm=.133;cf=cfr(.88,.253,.145,-.576,-.625,-.527,.034,-.662,.749,-.817,.414,.403);es="Linear";ed="In";};["Right Leg"]={tm=.133;cf=cfr(.226,.129,.067,.915,-.035,-.403,.074,.994,.081,.398,-.103,.912);es="Linear";ed="In";};["Left Arm"]={tm=.133;cf=cfr(-.816,.199,.055,-.598,.62,.508,-.107,-.69,.716,.794,.374,.479);es="Linear";ed="In";};};{tm=.333;["Head"]={tm=.0999;cf=cfr(0,0,0,.993,-.065,-.102,.117,.733,.67,.031,-.677,.736);es="Linear";ed="In";};};{tm=.4;["Torso"]={tm=.133;cf=cfr(-.101,.271,-.079,.998,-.015,-.064,-.007,.943,-.332,.066,.332,.941);es="Linear";ed="In";};["Left Leg"]={tm=.133;cf=cfr(-.403,.15,.081,.9,.197,.389,-.202,.979,-.03,-.387,-.051,.921);es="Linear";ed="In";};["Right Arm"]={tm=.133;cf=cfr(.891,.259,.189,-.689,-.632,-.354,.132,-.59,.796,-.713,.502,.49);es="Linear";ed="In";};["Right Leg"]={tm=.133;cf=cfr(.203,.142,.065,.915,.039,-.402,.007,.994,.114,.404,-.107,.909);es="Linear";ed="In";};["Left Arm"]={tm=.133;cf=cfr(-.838,.232,.16,-.578,.715,.393,-.229,-.604,.763,.783,.351,.513);es="Linear";ed="In";};};{tm=.433;["Head"]={tm=.1000;cf=cfr(0,0,0,.975,-.148,-.163,.213,.827,.52,.058,-.542,.839);es="Linear";ed="In";};};{tm=.533;["Torso"]={tm=.1669;cf=cfr(-.1,.288,-.062,.999,-.006,-.037,-.006,.95,-.312,.037,.312,.949);es="Linear";ed="In";};["Left Leg"]={tm=.1669;cf=cfr(-.39,.154,.082,.9,.177,.399,-.196,.981,.007,-.39,-.085,.917);es="Linear";ed="In";};["Right Arm"]={tm=.1669;cf=cfr(.937,.275,.195,-.652,-.694,-.305,.215,-.555,.803,-.727,.458,.511);es="Linear";ed="In";};["Head"]={tm=.0999;cf=cfr(0,0,0,.978,-.161,-.129,.202,.875,.441,.041,-.457,.888);es="Linear";ed="In";};["Right Leg"]={tm=.1669;cf=cfr(.198,.102,.065,.918,.053,-.392,-.017,.995,.094,.395,-.08,.915);es="Linear";ed="In";};["Left Arm"]={tm=.1669;cf=cfr(-.872,.233,.132,-.596,.73,.333,-.302,-.588,.75,.744,.347,.571);es="Linear";ed="In";};};{tm=.633;["Head"]={tm=.0669;cf=cfr(0,0,0,.997,.024,.069,-.062,.774,.631,-.038,-.633,.773);es="Linear";ed="In";};};{tm=.7;["Torso"]={tm=.133;cf=cfr(.002,.271,-.027,1,.005,-.004,-.006,.944,-.329,.002,.329,.944);es="Linear";ed="In";};["Left Leg"]={tm=.133;cf=cfr(-.367,.171,.084,.892,.211,.4,-.227,.974,-.006,-.391,-.085,.916);es="Linear";ed="In";};["Right Arm"]={tm=.133;cf=cfr(.994,.296,.202,-.55,-.743,-.381,.221,-.569,.792,-.805,.352,.477);es="Linear";ed="In";};["Head"]={tm=.133;cf=cfr(0,0,0,.968,.145,.207,-.232,.837,.496,-.101,-.528,.843);es="Linear";ed="In";};["Right Leg"]={tm=.133;cf=cfr(.198,.038,.064,.919,.011,-.393,.02,.997,.074,.393,-.076,.917);es="Linear";ed="In";};["Left Arm"]={tm=.133;cf=cfr(-.91,.235,.098,-.723,.645,.248,-.25,-.579,.776,.644,.5,.579);es="Linear";ed="In";};};{tm=.833;["Torso"]={tm=.1670;cf=cfr(.035,.245,-.037,1,.014,.019,-.006,.927,-.375,-.023,.374,.927);es="Linear";ed="In";};["Left Leg"]={tm=.1670;cf=cfr(-.345,.193,.085,.868,.28,.41,-.302,.953,-.011,-.394,-.114,.912);es="Linear";ed="In";};["Right Arm"]={tm=.1670;cf=cfr(.9,.297,.228,-.501,-.755,-.424,.188,-.573,.798,-.845,.32,.429);es="Linear";ed="In";};["Head"]={tm=.1670;cf=cfr(0,0,0,.955,-.006,.295,-.146,.858,.492,-.257,-.513,.819);es="Linear";ed="In";};["Right Leg"]={tm=.1670;cf=cfr(.194,.007,.061,.916,-.067,-.395,.09,.995,.04,.391,-.072,.918);es="Linear";ed="In";};["Left Arm"]={tm=.1670;cf=cfr(-.926,.337,-.008,-.719,.617,.321,-.163,-.599,.784,.676,.511,.531);es="Linear";ed="In";};};{tm=1;["Torso"]={tm=0;cf=cfr(-.04,.245,-.05,1,.009,-.008,-.012,.94,-.341,.005,.341,.94);es="Linear";ed="In";};["Left Leg"]={tm=0;cf=cfr(-.326,.193,.088,.883,.236,.405,-.251,.968,-.017,-.396,-.086,.914);es="Linear";ed="In";};["Right Arm"]={tm=0;cf=cfr(.889,.259,.202,-.562,-.721,-.407,.107,-.551,.828,-.82,.421,.387);es="Linear";ed="In";};["Head"]={tm=0;cf=cfr(0,0,0,.991,-.122,.051,.066,.791,.609,-.114,-.6,.792);es="Linear";ed="In";};["Right Leg"]={tm=0;cf=cfr(.146,.066,.061,.921,-.029,-.389,.054,.997,.052,.386,-.069,.92);es="Linear";ed="In";};["Left Arm"]={tm=0;cf=cfr(-.843,.239,.048,-.61,.684,.401,-.146,-.593,.792,.779,.424,.461);es="Linear";ed="In";};};}