-- // converted using mech's animoduler
local cfr = CFrame.new

return {{tm=0;["Torso"]={tm=.1;cf=cfr(0,.112,-.1,1,0,0,0,.984,-.176,0,.176,.984);es="Linear";ed="In";};["Left Leg"]={tm=.1;cf=cfr(-.025,.106,.075,.9,-.253,.354,.207,.964,.164,-.383,-.074,.921);es="Linear";ed="In";};["Right Arm"]={tm=.1;cf=cfr(-.274,-.602,-.071,-.415,-.733,-.538,.89,-.451,-.071,-.191,-.509,.84);es="Linear";ed="In";};["Head"]={tm=.1;cf=cfr(0,0,0,.966,.136,.222,-.194,.946,.261,-.174,-.295,.939);es="Linear";ed="In";};["Left Arm"]={tm=.1;cf=cfr(-.014,-.407,.166,-.489,.486,.724,-.544,-.819,.182,.682,-.305,.665);es="Linear";ed="In";};["Right Leg"]={tm=.1;cf=cfr(.123,.124,.122,.915,-.02,-.403,.049,.997,.062,.4,-.076,.913);es="Linear";ed="In";};};{tm=.1;["Torso"]={tm=.1;cf=cfr(.032,.135,-.1,.999,.041,-.012,-.043,.957,-.287,0,.288,.958);es="Linear";ed="In";};["Left Leg"]={tm=.1;cf=cfr(-.014,.103,.075,.927,-.091,.363,.067,.995,.079,-.368,-.049,.928);es="Linear";ed="In";};["Right Arm"]={tm=.1;cf=cfr(-.178,-.573,-.075,-.51,-.693,-.51,.849,-.5,-.17,-.137,-.52,.843);es="Linear";ed="In";};["Head"]={tm=.1;cf=cfr(0,0,0,.916,.062,.395,-.297,.767,.569,-.268,-.639,.721);es="Linear";ed="In";};["Left Arm"]={tm=.1;cf=cfr(-.03,-.461,.166,-.598,.285,.749,-.412,-.911,.018,.688,-.298,.662);es="Linear";ed="In";};["Right Leg"]={tm=.1;cf=cfr(.112,.121,.122,.882,-.229,-.412,.249,.968,-.005,.4,-.099,.911);es="Linear";ed="In";};};{tm=.2;["Torso"]={tm=.067;cf=cfr(.083,.135,-.1,.997,.078,.017,-.069,.952,-.298,-.039,.296,.955);es="Linear";ed="In";};["Left Leg"]={tm=.067;cf=cfr(-.013,.103,.072,.925,-.095,.368,.064,.993,.097,-.375,-.067,.925);es="Linear";ed="In";};["Right Arm"]={tm=.067;cf=cfr(-.18,-.574,-.075,-.507,-.705,-.497,.858,-.466,-.214,-.081,-.535,.841);es="Linear";ed="In";};["Head"]={tm=.067;cf=cfr(0,0,0,.914,-.097,.394,-.157,.81,.564,-.374,-.578,.725);es="Linear";ed="In";};["Left Arm"]={tm=.067;cf=cfr(-.03,-.46,.166,-.505,.255,.825,-.348,-.934,.075,.79,-.249,.56);es="Linear";ed="In";};["Right Leg"]={tm=.067;cf=cfr(.117,.102,.125,.889,-.223,-.399,.226,.973,-.041,.398,-.053,.916);es="Linear";ed="In";};};{tm=.267;["Torso"]={tm=.0999;cf=cfr(.083,.135,-.1,.997,.065,.027,-.054,.953,-.297,-.045,.295,.954);es="Linear";ed="In";};["Left Leg"]={tm=.0999;cf=cfr(-.013,.103,.071,.924,-.098,.37,.063,.993,.104,-.377,-.073,.923);es="Linear";ed="In";};["Right Arm"]={tm=.0999;cf=cfr(-.181,-.574,-.075,-.503,-.696,-.512,.86,-.462,-.216,-.086,-.549,.831);es="Linear";ed="In";};["Head"]={tm=.066;cf=cfr(0,0,0,.909,-.242,.338,-.024,.781,.624,-.415,-.576,.704);es="Linear";ed="In";};["Left Arm"]={tm=.0999;cf=cfr(-.029,-.46,.166,-.51,.222,.831,-.307,-.949,.065,.804,-.222,.552);es="Linear";ed="In";};["Right Leg"]={tm=.0999;cf=cfr(.122,.086,.125,.89,-.221,-.398,.222,.974,-.044,.398,-.049,.916);es="Linear";ed="In";};};{tm=.333;["Head"]={tm=.067;cf=cfr(0,0,0,.94,-.265,.214,.073,.771,.633,-.333,-.579,.744);es="Linear";ed="In";};};{tm=.367;["Torso"]={tm=.1000;cf=cfr(.053,.135,-.1,.997,.083,.005,-.078,.951,-.298,-.029,.297,.955);es="Linear";ed="In";};["Left Leg"]={tm=.1000;cf=cfr(-.022,.076,.073,.927,-.098,.363,.072,.994,.084,-.369,-.052,.928);es="Linear";ed="In";};["Right Arm"]={tm=.1000;cf=cfr(-.183,-.575,-.075,-.507,-.722,-.471,.859,-.471,-.202,-.077,-.507,.859);es="Linear";ed="In";};["Left Arm"]={tm=.1000;cf=cfr(-.029,-.459,.166,-.421,.207,.883,-.298,-.951,.08,.857,-.229,.462);es="Linear";ed="In";};["Right Leg"]={tm=.1000;cf=cfr(.12,.092,.123,.89,-.218,-.4,.222,.974,-.037,.398,-.056,.916);es="Linear";ed="In";};};{tm=.4;["Head"]={tm=.067;cf=cfr(0,0,0,.932,-.197,.304,-.021,.809,.588,-.362,-.555,.749);es="Linear";ed="In";};};{tm=.467;["Torso"]={tm=.0999;cf=cfr(.018,.138,-.101,.995,.083,-.054,-.096,.945,-.312,.025,.315,.949);es="Linear";ed="In";};["Left Leg"]={tm=.0999;cf=cfr(-.076,.032,.081,.935,-.083,.345,.08,.997,.021,-.346,.008,.938);es="Linear";ed="In";};["Right Arm"]={tm=.0999;cf=cfr(-.185,-.575,-.075,-.64,-.682,-.353,.767,-.593,-.244,-.043,-.427,.903);es="Linear";ed="In";};["Head"]={tm=.0999;cf=cfr(0,0,0,.954,-.234,.185,.076,.79,.608,-.289,-.566,.772);es="Linear";ed="In";};["Left Arm"]={tm=.2329;cf=cfr(-.045,-.506,.165,-.465,.152,.872,-.328,-.945,-.01,.822,-.291,.489);es="Linear";ed="In";};["Right Leg"]={tm=.0999;cf=cfr(.102,.141,.117,.874,-.248,-.417,.273,.962,0,.401,-.114,.909);es="Linear";ed="In";};};{tm=.567;["Torso"]={tm=.133;cf=cfr(.018,.337,-.101,.995,.083,-.054,-.095,.952,-.29,.027,.293,.956);es="Linear";ed="In";};["Left Leg"]={tm=.133;cf=cfr(-.076,.042,.082,.936,-.033,.349,.032,.999,.009,-.349,.003,.937);es="Linear";ed="In";};["Right Arm"]={tm=.133;cf=cfr(-.036,-.39,-.098,-.505,-.773,-.384,.86,-.486,-.155,-.066,-.409,.91);es="Linear";ed="In";};["Head"]={tm=.133;cf=cfr(0,0,0,.992,-.021,.124,-.04,.879,.475,-.119,-.477,.871);es="Linear";ed="In";};["Right Leg"]={tm=.133;cf=cfr(.109,.127,.117,.857,-.307,-.413,.324,.946,-.031,.4,-.107,.91);es="Linear";ed="In";};};{tm=.7;["Torso"]={tm=.1000;cf=cfr(.018,.443,-.05,.996,.089,-.021,-.091,.984,-.153,.007,.155,.988);es="Linear";ed="In";};["Left Leg"]={tm=.1000;cf=cfr(-.078,.047,.079,.919,-.18,.35,.156,.983,.096,-.361,-.034,.932);es="Linear";ed="In";};["Right Arm"]={tm=.1000;cf=cfr(-.016,-.391,-.099,-.274,-.867,-.417,.957,-.288,-.032,-.092,-.407,.909);es="Linear";ed="In";};["Head"]={tm=.1000;cf=cfr(0,0,0,.997,-.056,.058,.062,.992,-.106,-.052,.109,.993);es="Linear";ed="In";};["Left Arm"]={tm=.1000;cf=cfr(-.144,-.423,.175,-.306,.501,.81,-.509,-.804,.306,.804,-.319,.501);es="Linear";ed="In";};["Right Leg"]={tm=.1000;cf=cfr(.248,.065,.109,.965,-.175,-.194,.179,.984,.004,.191,-.039,.981);es="Linear";ed="In";};};{tm=.8;["Torso"]={tm=.1669;cf=cfr(.018,.46,-.05,.992,.123,.003,-.121,.985,-.123,-.018,.122,.992);es="Linear";ed="In";};["Left Leg"]={tm=.1669;cf=cfr(-.1,.05,.079,.895,-.256,.366,.212,.965,.157,-.393,-.063,.917);es="Linear";ed="In";};["Right Arm"]={tm=.1669;cf=cfr(-.103,-.403,-.089,-.251,-.916,-.313,.964,-.264,0,-.083,-.302,.95);es="Linear";ed="In";};["Head"]={tm=.1669;cf=cfr(0,0,0,.994,-.107,-.012,.102,.969,-.224,.035,.222,.974);es="Linear";ed="In";};["Left Arm"]={tm=.1669;cf=cfr(-.137,-.384,.176,-.21,.502,.839,-.299,-.85,.434,.931,-.159,.328);es="Linear";ed="In";};["Right Leg"]={tm=.1669;cf=cfr(.248,.098,.112,.988,-.134,-.071,.133,.991,-.028,.074,.018,.997);es="Linear";ed="In";};};{tm=.967;["Torso"]={tm=.1330;cf=cfr(.018,.412,-.05,.992,.123,.003,-.122,.99,-.068,-.011,.067,.998);es="Linear";ed="In";};["Left Leg"]={tm=.1330;cf=cfr(-.108,.04,.08,.869,-.349,.35,.303,.936,.181,-.391,-.051,.919);es="Linear";ed="In";};["Right Arm"]={tm=.1330;cf=cfr(-.201,-.401,-.077,-.27,-.953,.139,.963,-.269,.025,.014,.14,.99);es="Linear";ed="In";};["Head"]={tm=.0999;cf=cfr(0,0,0,.979,-.088,-.187,.094,.995,.025,.183,-.042,.982);es="Linear";ed="In";};["Left Arm"]={tm=.1330;cf=cfr(-.137,-.384,.176,-.189,.556,.81,-.207,-.828,.52,.96,-.07,.272);es="Linear";ed="In";};["Right Leg"]={tm=.1330;cf=cfr(.258,.094,.111,.997,-.037,-.073,.036,.999,-.009,.073,.006,.997);es="Linear";ed="In";};};{tm=1.067;["Head"]={tm=.0330;cf=cfr(0,0,0,.952,-.029,-.305,.189,.839,.51,.241,-.543,.804);es="Linear";ed="In";};};{tm=1.1;["Torso"]={tm=.133;cf=cfr(-.026,.157,-.05,.999,-.038,-.009,.033,.954,-.296,.02,.296,.955);es="Linear";ed="In";};["Left Leg"]={tm=.133;cf=cfr(-.08,-.018,.082,.908,-.136,.397,.087,.986,.14,-.41,-.092,.907);es="Linear";ed="In";};["Right Arm"]={tm=.133;cf=cfr(-.582,-.704,-.089,-.459,-.884,.085,.884,-.464,-.049,.083,.053,.995);es="Linear";ed="In";};["Head"]={tm=.133;cf=cfr(0,0,0,.941,-.007,-.339,.181,.855,.486,.287,-.518,.806);es="Linear";ed="In";};["Left Arm"]={tm=.133;cf=cfr(-.172,-.498,.174,-.238,.305,.922,-.158,-.949,.273,.958,-.08,.274);es="Linear";ed="In";};["Right Leg"]={tm=.133;cf=cfr(.214,.094,.105,.956,-.201,-.212,.199,.98,-.033,.214,-.01,.977);es="Linear";ed="In";};};{tm=1.233;["Torso"]={tm=.0999;cf=cfr(-.015,.157,-.05,.999,-.012,-.031,.002,.955,-.298,.033,.298,.954);es="Linear";ed="In";};["Left Leg"]={tm=.0999;cf=cfr(-.086,-.035,.083,.912,-.136,.388,.101,.989,.11,-.398,-.061,.915);es="Linear";ed="In";};["Right Arm"]={tm=.2339;cf=cfr(-.582,-.704,-.089,-.483,-.872,.083,.872,-.488,-.048,.082,.049,.995);es="Linear";ed="In";};["Head"]={tm=.0999;cf=cfr(0,0,0,.892,.012,-.453,.238,.837,.492,.385,-.547,.744);es="Linear";ed="In";};["Left Arm"]={tm=.0999;cf=cfr(-.172,-.498,.174,-.163,.304,.939,-.1,-.952,.29,.981,-.047,.186);es="Linear";ed="In";};["Right Leg"]={tm=.0999;cf=cfr(.211,.102,.102,.957,-.215,-.193,.219,.976,.001,.189,-.043,.981);es="Linear";ed="In";};};{tm=1.333;["Torso"]={tm=.1340;cf=cfr(.004,.157,-.05,1,-.027,.015,.03,.954,-.297,-.006,.297,.955);es="Linear";ed="In";};["Left Leg"]={tm=.1340;cf=cfr(-.071,.011,.079,.904,-.136,.406,.072,.983,.168,-.422,-.123,.898);es="Linear";ed="In";};["Head"]={tm=.1340;cf=cfr(0,0,0,.878,-.096,-.469,.338,.818,.465,.339,-.567,.751);es="Linear";ed="In";};["Left Arm"]={tm=.1340;cf=cfr(-.172,-.498,.174,-.154,.302,.941,-.069,-.953,.295,.986,-.019,.167);es="Linear";ed="In";};["Right Leg"]={tm=.1340;cf=cfr(.215,.09,.11,.958,-.198,-.207,.19,.98,-.055,.214,.013,.977);es="Linear";ed="In";};};{tm=1.467;["Torso"]={tm=.1999;cf=cfr(.04,.157,-.05,.999,-.022,.032,.03,.954,-.297,-.024,.298,.954);es="Linear";ed="In";};["Left Leg"]={tm=.1999;cf=cfr(-.068,.02,.077,.902,-.136,.41,.065,.981,.181,-.427,-.136,.894);es="Linear";ed="In";};["Right Arm"]={tm=.1999;cf=cfr(-.582,-.704,-.089,-.485,-.873,.044,.871,-.487,-.06,.074,.01,.997);es="Linear";ed="In";};["Head"]={tm=.1999;cf=cfr(0,0,0,.908,.049,-.417,.17,.865,.473,.383,-.5,.777);es="Linear";ed="In";};["Left Arm"]={tm=.1999;cf=cfr(-.172,-.498,.174,-.137,.301,.944,-.014,-.953,.302,.99,.028,.135);es="Linear";ed="In";};["Right Leg"]={tm=.1999;cf=cfr(.213,.095,.114,.959,-.198,-.205,.189,.98,-.061,.213,.02,.977);es="Linear";ed="In";};};{tm=1.667;["Torso"]={tm=.133;cf=cfr(.073,.267,-.05,.991,-.123,.051,.13,.974,-.183,-.027,.188,.982);es="Linear";ed="In";};["Left Leg"]={tm=.133;cf=cfr(-.168,.164,.09,.938,-.042,.344,-.014,.987,.158,-.346,-.153,.926);es="Linear";ed="In";};["Right Arm"]={tm=.133;cf=cfr(-.469,-.635,-.057,-.488,-.764,-.423,.833,-.552,.036,-.261,-.334,.905);es="Linear";ed="In";};["Head"]={tm=.3000;cf=cfr(0,0,0,.947,.264,.182,-.276,.96,.046,-.163,-.094,.982);es="Linear";ed="In";};["Left Arm"]={tm=.0660;cf=cfr(.363,-.61,-.175,-.383,.883,.271,-.82,-.46,.34,.425,-.092,.901);es="Linear";ed="In";};["Right Leg"]={tm=.133;cf=cfr(.119,.101,.1,.932,-.093,-.349,.088,.996,-.031,.351,-.001,.936);es="Linear";ed="In";};};{tm=1.733;["Left Arm"]={tm=.0669;cf=cfr(.389,-.615,-.18,-.371,.911,.178,-.796,-.411,.445,.479,.024,.878);es="Linear";ed="In";};};{tm=1.8;["Torso"]={tm=.1670;cf=cfr(.04,.284,-.05,.998,-.003,.063,.014,.984,-.177,-.061,.178,.982);es="Linear";ed="In";};["Left Leg"]={tm=.1670;cf=cfr(-.125,.196,.086,.938,-.054,.342,-.009,.984,.18,-.346,-.172,.922);es="Linear";ed="In";};["Right Arm"]={tm=.1670;cf=cfr(-.221,-.276,-.061,-.222,-.8,-.557,.929,-.347,.128,-.296,-.489,.821);es="Linear";ed="In";};["Left Arm"]={tm=.0669;cf=cfr(.415,-.619,-.186,-.279,.93,.24,-.776,-.365,.515,.566,-.042,.823);es="Linear";ed="In";};["Right Leg"]={tm=.1670;cf=cfr(.133,.029,.099,.902,.17,-.397,-.179,.984,.014,.393,.058,.918);es="Linear";ed="In";};};{tm=1.867;["Left Arm"]={tm=.1000;cf=cfr(.12,-.459,.059,-.154,.946,.285,-.781,-.293,.552,.605,-.138,.784);es="Linear";ed="In";};};{tm=1.967;["Torso"]={tm=.133;cf=cfr(-.015,.312,-.05,.853,.521,.018,-.51,.841,-.179,-.109,.143,.984);es="Linear";ed="In";};["Left Leg"]={tm=.133;cf=cfr(.362,.116,0,.691,-.128,.712,.019,.987,.16,-.723,-.097,.684);es="Linear";ed="In";};["Right Arm"]={tm=.133;cf=cfr(.276,-.142,-.007,-.278,-.961,-.01,.915,-.268,.301,-.292,.074,.954);es="Linear";ed="In";};["Head"]={tm=.3660;cf=cfr(0,0,0,.838,-.433,.332,.375,.899,.227,-.396,-.066,.916);es="Linear";ed="In";};["Left Arm"]={tm=.133;cf=cfr(-.322,-.219,.425,.11,.679,.726,-.775,-.399,.49,.623,-.616,.482);es="Linear";ed="In";};["Right Leg"]={tm=.133;cf=cfr(.599,.086,-.114,.972,.078,.22,-.089,.995,.04,-.216,-.058,.975);es="Linear";ed="In";};};{tm=2.1;["Torso"]={tm=.2330;cf=cfr(.015,.319,-.05,.81,.587,.004,-.577,.797,-.179,-.109,.143,.984);es="Linear";ed="In";};["Left Leg"]={tm=.2330;cf=cfr(.362,.116,0,.667,-.12,.735,.023,.99,.141,-.744,-.078,.663);es="Linear";ed="In";};["Right Arm"]={tm=.2330;cf=cfr(.358,-.123,-.067,-.261,-.961,.091,.943,-.234,.236,-.205,.148,.967);es="Linear";ed="In";};["Left Arm"]={tm=.0669;cf=cfr(-.322,-.219,.425,-.309,.79,-.529,-.756,.134,.641,.577,.598,.556);es="Linear";ed="In";};["Right Leg"]={tm=.2330;cf=cfr(.599,.086,-.114,.98,.025,.199,-.051,.991,.125,-.194,-.132,.972);es="Linear";ed="In";};};{tm=2.167;["Left Arm"]={tm=.1660;cf=cfr(-.322,-.219,.425,-.422,.709,-.566,-.774,.044,.632,.472,.704,.53);es="Linear";ed="In";};};{tm=2.333;["Torso"]={tm=.2339;cf=cfr(-.028,.319,-.035,.84,.541,-.022,-.536,.825,-.181,-.08,.163,.983);es="Linear";ed="In";};["Left Leg"]={tm=.2339;cf=cfr(.363,.109,.003,.708,-.073,.703,-.007,.994,.11,-.707,-.083,.703);es="Linear";ed="In";};["Right Arm"]={tm=.2339;cf=cfr(.296,-.137,-.026,-.305,-.948,.087,.94,-.285,.188,-.153,.14,.978);es="Linear";ed="In";};["Head"]={tm=.2339;cf=cfr(0,0,0,.881,-.428,.203,.397,.901,.177,-.259,-.076,.963);es="Linear";ed="In";};["Left Arm"]={tm=.0669;cf=cfr(-.322,-.219,.425,.072,.619,.782,-.883,-.325,.339,.464,-.715,.523);es="Linear";ed="In";};["Right Leg"]={tm=.2339;cf=cfr(.593,.113,-.115,.991,.042,.13,-.062,.986,.157,-.122,-.164,.979);es="Linear";ed="In";};};{tm=2.4;["Left Arm"]={tm=.1670;cf=cfr(-.291,-.184,.459,.003,.5,.866,-.858,-.444,.259,.514,-.744,.428);es="Linear";ed="In";};};{tm=2.567;["Torso"]={tm=.1999;cf=cfr(-.003,.319,-.04,.794,.608,.027,-.594,.784,-.179,-.13,.126,.984);es="Linear";ed="In";};["Left Leg"]={tm=.1999;cf=cfr(.338,.171,.012,.657,-.177,.733,.038,.979,.202,-.753,-.105,.65);es="Linear";ed="In";};["Right Arm"]={tm=.1999;cf=cfr(.357,-.123,-.072,-.248,-.961,.125,.948,-.214,.236,-.2,.177,.964);es="Linear";ed="In";};["Head"]={tm=.1999;cf=cfr(0,0,0,.895,-.438,.082,.435,.899,.056,-.099,-.014,.995);es="Linear";ed="In";};["Left Arm"]={tm=.0659;cf=cfr(-.282,-.248,.24,-.09,.887,-.453,-.818,.194,.541,.568,.419,.708);es="Linear";ed="In";};["Right Leg"]={tm=.1999;cf=cfr(.602,.069,-.115,.979,.038,.201,-.054,.996,.078,-.197,-.087,.977);es="Linear";ed="In";};};{tm=2.633;["Left Arm"]={tm=.0670;cf=cfr(-.282,-.248,.24,-.187,.78,-.597,-.889,.124,.441,.418,.613,.671);es="Linear";ed="In";};};{tm=2.7;["Left Arm"]={tm=.0669;cf=cfr(-.282,-.248,.24,-.015,.829,.56,-.827,-.325,.459,.562,-.456,.69);es="Linear";ed="In";};};{tm=2.767;["Torso"]={tm=.2000;cf=cfr(-.052,.319,-.05,.851,.525,-.013,-.522,.842,-.139,-.062,.125,.99);es="Linear";ed="In";};["Left Leg"]={tm=.2000;cf=cfr(.332,.123,.022,.711,-.159,.685,.061,.984,.166,-.701,-.076,.71);es="Linear";ed="In";};["Right Arm"]={tm=.2000;cf=cfr(.271,-.137,-.019,-.231,-.971,.063,.951,-.211,.227,-.208,.113,.972);es="Linear";ed="In";};["Head"]={tm=.2000;cf=cfr(0,0,0,.882,-.409,.233,.374,.909,.181,-.286,-.073,.956);es="Linear";ed="In";};["Left Arm"]={tm=.1000;cf=cfr(-.273,-.174,.235,-.014,.709,.705,-.788,-.443,.429,.616,-.549,.565);es="Linear";ed="In";};["Right Leg"]={tm=.2000;cf=cfr(.467,.106,-.06,.991,.045,.128,-.062,.99,.13,-.121,-.137,.983);es="Linear";ed="In";};};{tm=2.867;["Left Arm"]={tm=.1000;cf=cfr(-.305,-.308,.22,-.359,.836,-.415,-.719,.037,.694,.596,.548,.588);es="Linear";ed="In";};};{tm=2.967;["Torso"]={tm=.2330;cf=cfr(.016,.319,-.05,.786,.618,-.029,-.612,.771,-.175,-.086,.155,.984);es="Linear";ed="In";};["Left Leg"]={tm=.2330;cf=cfr(.335,.122,.02,.639,-.139,.756,.073,.99,.121,-.766,-.022,.643);es="Linear";ed="In";};["Right Arm"]={tm=.2330;cf=cfr(.33,-.124,-.066,-.418,-.891,.175,.892,-.367,.263,-.17,.266,.949);es="Linear";ed="In";};["Head"]={tm=.3329;cf=cfr(0,0,0,.872,-.389,.297,.317,.911,.262,-.372,-.134,.918);es="Linear";ed="In";};["Left Arm"]={tm=.1659;cf=cfr(-.303,-.247,.213,-.397,.802,-.447,-.762,-.016,.648,.512,.597,.617);es="Linear";ed="In";};["Right Leg"]={tm=.2330;cf=cfr(.464,.106,-.057,.993,-.048,.109,.032,.989,.144,-.115,-.139,.984);es="Linear";ed="In";};};{tm=3.133;["Left Arm"]={tm=.0670;cf=cfr(-.248,-.245,.048,-.019,.999,.032,-.805,-.034,.592,.593,-.015,.805);es="Linear";ed="In";};};{tm=3.2;["Torso"]={tm=.0999;cf=cfr(.018,.528,-.05,.999,.042,-.024,-.045,.993,-.11,.019,.111,.994);es="Linear";ed="In";};["Left Leg"]={tm=.0999;cf=cfr(-.294,.109,.088,.908,.046,.416,-.075,.996,.053,-.412,-.079,.908);es="Linear";ed="In";};["Right Arm"]={tm=.0999;cf=cfr(.375,-.405,.212,-.37,-.619,-.693,.38,-.781,.495,-.848,-.079,.524);es="Linear";ed="In";};["Left Arm"]={tm=.0999;cf=cfr(.231,-.271,.093,-.073,.997,-.035,-.802,-.038,.596,.592,.071,.802);es="Linear";ed="In";};["Right Leg"]={tm=.0999;cf=cfr(.124,.071,.064,.934,.156,-.32,-.112,.982,.152,.338,-.106,.935);es="Linear";ed="In";};};{tm=3.3;["Torso"]={tm=.1000;cf=cfr(.018,.537,-.05,.994,-.096,-.044,.094,.994,-.054,.049,.05,.998);es="Linear";ed="In";};["Left Leg"]={tm=.1000;cf=cfr(-.382,.06,.079,.946,-.016,.324,.004,.999,.037,-.325,-.034,.945);es="Linear";ed="In";};["Right Arm"]={tm=.1000;cf=cfr(.375,-.405,.212,-.185,-.528,-.829,.407,-.809,.424,-.894,-.259,.365);es="Linear";ed="In";};["Head"]={tm=.1000;cf=cfr(0,0,0,.99,-.132,-.04,.126,.984,-.126,.056,.12,.991);es="Linear";ed="In";};["Left Arm"]={tm=.0670;cf=cfr(.54,-.312,.108,-.187,.973,.136,-.891,-.226,.393,.413,-.048,.91);es="Linear";ed="In";};["Right Leg"]={tm=.1000;cf=cfr(.009,.122,.048,.871,.236,-.432,-.158,.965,.209,.466,-.114,.877);es="Linear";ed="In";};};{tm=3.367;["Left Arm"]={tm=.1000;cf=cfr(.444,-.32,.091,-.413,.785,.462,-.721,-.592,.361,.557,-.183,.81);es="Linear";ed="In";};};{tm=3.4;["Torso"]={tm=.0670;cf=cfr(-.002,.304,-.05,.998,-.006,-.066,-.009,.974,-.228,.066,.228,.972);es="Linear";ed="In";};["Left Leg"]={tm=.0670;cf=cfr(-.354,.1,.083,.918,.113,.381,-.115,.993,-.017,-.381,-.028,.924);es="Linear";ed="In";};["Right Arm"]={tm=.0670;cf=cfr(.375,-.405,.212,-.285,-.291,-.913,.261,-.941,.218,-.922,-.176,.344);es="Linear";ed="In";};["Head"]={tm=.0670;cf=cfr(0,0,0,.962,-.089,-.258,.147,.965,.216,.23,-.246,.942);es="Linear";ed="In";};["Right Leg"]={tm=.0670;cf=cfr(.102,.141,.061,.909,.1,-.404,-.037,.986,.162,.414,-.133,.9);es="Linear";ed="In";};};{tm=3.467;["Torso"]={tm=.1000;cf=cfr(-.04,.245,-.05,.996,-.02,-.09,-.012,.94,-.341,.092,.341,.936);es="Linear";ed="In";};["Left Leg"]={tm=.1000;cf=cfr(-.364,.089,.085,.895,.239,.377,-.22,.971,-.093,-.389,0,.921);es="Linear";ed="In";};["Right Arm"]={tm=.1000;cf=cfr(.375,-.405,.212,-.309,-.137,-.941,.135,-.986,.099,-.941,-.096,.323);es="Linear";ed="In";};["Head"]={tm=.1659;cf=cfr(0,0,0,.923,-.021,-.383,.258,.774,.579,.284,-.633,.72);es="Linear";ed="In";};["Left Arm"]={tm=.1000;cf=cfr(.074,.06,.325,-.472,.12,.873,-.205,-.979,.023,.857,-.168,.486);es="Linear";ed="In";};["Right Leg"]={tm=.1000;cf=cfr(.12,.139,.06,.909,-.027,-.416,.087,.988,.127,.408,-.151,.9);es="Linear";ed="In";};};{tm=3.567;["Torso"]={tm=.0659;cf=cfr(-.056,.245,-.05,.993,-.048,-.109,.006,.933,-.359,.119,.355,.927);es="Linear";ed="In";};["Left Leg"]={tm=.0659;cf=cfr(-.377,.051,.083,.898,.266,.35,-.237,.963,-.126,-.371,.031,.928);es="Linear";ed="In";};["Right Arm"]={tm=.0659;cf=cfr(.361,-.371,.208,-.315,-.138,-.939,.152,-.984,.093,-.937,-.113,.331);es="Linear";ed="In";};["Left Arm"]={tm=.0659;cf=cfr(-.103,.535,.373,-.148,-.096,.984,-.179,-.976,-.122,.973,-.195,.127);es="Linear";ed="In";};["Right Leg"]={tm=.0659;cf=cfr(.075,.145,.054,.895,-.051,-.443,.124,.983,.136,.429,-.177,.886);es="Linear";ed="In";};};{tm=3.633;["Torso"]={tm=.1000;cf=cfr(-.032,.245,-.05,.995,-.04,-.09,.008,.941,-.339,.098,.337,.936);es="Linear";ed="In";};["Left Leg"]={tm=.1000;cf=cfr(-.373,.067,.082,.903,.239,.357,-.219,.971,-.098,-.37,.01,.929);es="Linear";ed="In";};["Right Arm"]={tm=.1000;cf=cfr(.375,-.405,.212,-.332,-.14,-.933,.198,-.977,.076,-.922,-.16,.352);es="Linear";ed="In";};["Head"]={tm=.1000;cf=cfr(0,0,0,.957,-.031,-.288,.148,.908,.392,.249,-.418,.874);es="Linear";ed="In";};["Left Arm"]={tm=.1000;cf=cfr(-.233,.673,.265,-.12,-.1,.988,-.09,-.99,-.112,.989,-.103,.109);es="Linear";ed="In";};["Right Leg"]={tm=.1000;cf=cfr(.082,.127,.057,.9,-.024,-.436,.09,.987,.131,.427,-.157,.89);es="Linear";ed="In";};};{tm=3.733;["Torso"]={tm=.1000;cf=cfr(.01,.245,-.05,.999,-.026,-.041,.014,.96,-.281,.047,.28,.959);es="Linear";ed="In";};["Left Leg"]={tm=.1000;cf=cfr(-.373,.116,.088,.918,.146,.368,-.148,.989,-.023,-.367,-.033,.929);es="Linear";ed="In";};["Right Arm"]={tm=.1000;cf=cfr(.398,-.484,.216,-.359,-.157,-.92,.308,-.951,.043,-.881,-.268,.389);es="Linear";ed="In";};["Head"]={tm=.1000;cf=cfr(0,0,0,.995,-.057,-.086,.077,.965,.251,.068,-.256,.964);es="Linear";ed="In";};["Left Arm"]={tm=.1000;cf=cfr(-.229,.688,.265,-.083,-.009,.996,.063,-.998,-.003,.995,.063,.084);es="Linear";ed="In";};["Right Leg"]={tm=.1000;cf=cfr(.099,.107,.054,.906,.055,-.419,-.002,.992,.127,.423,-.115,.899);es="Linear";ed="In";};};{tm=3.833;["Torso"]={tm=.0999;cf=cfr(.042,.245,-.05,1,-.022,-.022,.016,.971,-.239,.027,.239,.971);es="Linear";ed="In";};["Left Leg"]={tm=.0999;cf=cfr(-.378,.117,.086,.925,.072,.374,-.091,.995,.033,-.37,-.065,.927);es="Linear";ed="In";};["Right Arm"]={tm=.0999;cf=cfr(.205,-.47,.2,-.588,-.068,-.806,.081,-.996,.024,-.805,-.051,.592);es="Linear";ed="In";};["Head"]={tm=.0999;cf=cfr(0,0,0,.985,.133,.107,-.164,.911,.379,-.047,-.391,.919);es="Linear";ed="In";};["Left Arm"]={tm=.0999;cf=cfr(-.229,.688,.265,-.077,.043,.996,.117,-.992,.052,.99,.121,.071);es="Linear";ed="In";};["Right Leg"]={tm=.0999;cf=cfr(.109,.088,.057,.905,.128,-.407,-.076,.987,.141,.419,-.096,.903);es="Linear";ed="In";};};{tm=3.933;["Torso"]={tm=.1000;cf=cfr(.042,.207,-.05,.996,-.075,.041,.084,.945,-.315,-.015,.317,.948);es="Linear";ed="In";};["Left Leg"]={tm=.1000;cf=cfr(-.35,.172,.081,.897,.214,.387,-.242,.97,.024,-.37,-.115,.922);es="Linear";ed="In";};["Right Arm"]={tm=.1000;cf=cfr(-.081,.005,.039,-.921,-.137,-.365,.122,-.99,.064,-.37,.014,.929);es="Linear";ed="In";};["Head"]={tm=.367;cf=cfr(0,0,0,.968,.124,.217,-.212,.866,.453,-.132,-.484,.865);es="Linear";ed="In";};["Left Arm"]={tm=.1000;cf=cfr(-.162,.788,.206,-.12,-.046,.992,.228,-.974,-.018,.966,.224,.127);es="Linear";ed="In";};["Right Leg"]={tm=.1000;cf=cfr(.103,.041,.059,.92,.009,-.391,-.015,1,-.013,.391,.018,.92);es="Linear";ed="In";};};{tm=4.033;["Torso"]={tm=.1339;cf=cfr(.05,.207,-.05,.993,-.083,.086,.106,.943,-.314,-.055,.321,.946);es="Linear";ed="In";};["Left Leg"]={tm=.1339;cf=cfr(-.339,.205,.075,.889,.217,.403,-.266,.962,.067,-.373,-.167,.913);es="Linear";ed="In";};["Right Arm"]={tm=.1339;cf=cfr(-.099,-.102,.028,-.914,-.136,-.382,.146,-.989,.005,-.378,-.051,.924);es="Linear";ed="In";};["Left Arm"]={tm=.1339;cf=cfr(-.144,.835,.178,-.122,-.03,.992,.229,-.973,-.001,.966,.227,.126);es="Linear";ed="In";};["Right Leg"]={tm=.1339;cf=cfr(.118,-.004,.062,.927,.004,-.375,-.03,.998,-.063,.374,.069,.925);es="Linear";ed="In";};};{tm=4.167;["Torso"]={tm=.133;cf=cfr(.083,.207,-.05,.996,-.077,.046,.088,.942,-.323,-.018,.326,.945);es="Linear";ed="In";};["Left Leg"]={tm=.133;cf=cfr(-.353,.162,.08,.897,.215,.386,-.242,.97,.021,-.37,-.112,.922);es="Linear";ed="In";};["Right Arm"]={tm=.133;cf=cfr(-.125,-.291,.02,-.919,-.134,-.371,.155,-.988,-.026,-.363,-.082,.928);es="Linear";ed="In";};["Left Arm"]={tm=.133;cf=cfr(-.222,.606,.182,-.188,-.022,.982,.042,-.999,-.015,.981,.039,.189);es="Linear";ed="In";};["Right Leg"]={tm=.133;cf=cfr(.102,.04,.059,.918,.01,-.397,-.009,1,.005,.397,-.001,.918);es="Linear";ed="In";};};{tm=4.3;["Torso"]={tm=.2000;cf=cfr(.021,.242,-.033,.996,-.092,-.004,.088,.955,-.284,.03,.283,.959);es="Linear";ed="In";};["Left Leg"]={tm=.2000;cf=cfr(-.383,.106,.087,.914,.165,.371,-.178,.984,.002,-.365,-.068,.929);es="Linear";ed="In";};["Right Arm"]={tm=.2000;cf=cfr(-.58,-.436,-.009,-.601,-.643,-.474,.668,-.73,.144,-.439,-.229,.869);es="Linear";ed="In";};["Head"]={tm=.2000;cf=cfr(0,0,0,.971,.125,.203,-.186,.931,.315,-.15,-.343,.927);es="Linear";ed="In";};["Left Arm"]={tm=.1000;cf=cfr(-.118,-.168,.155,-.684,-.005,.729,-.133,-.982,-.132,.717,-.187,.672);es="Linear";ed="In";};["Right Leg"]={tm=.2000;cf=cfr(.099,.077,.051,.91,.073,-.409,-.049,.997,.067,.412,-.041,.91);es="Linear";ed="In";};};{tm=4.4;["Left Arm"]={tm=.0999;cf=cfr(.434,-.506,-.051,-.501,.676,.541,-.751,-.649,.117,.43,-.348,.833);es="Linear";ed="In";};};{tm=4.5;["Torso"]={tm=.0999;cf=cfr(.021,.464,-.033,.952,.285,-.113,-.295,.951,-.092,.082,.121,.989);es="Linear";ed="In";};["Left Leg"]={tm=.0999;cf=cfr(.283,.012,-.053,.747,.127,.652,-.113,.992,-.064,-.655,-.026,.755);es="Linear";ed="In";};["Right Arm"]={tm=.0999;cf=cfr(-.355,-.533,.104,-.642,-.754,.141,.641,-.427,.639,-.421,.5,.757);es="Linear";ed="In";};["Head"]={tm=.2999;cf=cfr(0,0,0,.976,-.217,-.025,.208,.956,-.208,.069,.198,.978);es="Linear";ed="In";};["Left Arm"]={tm=.0999;cf=cfr(.638,-.232,-.183,.083,.973,.217,-.99,.056,.128,.112,-.225,.968);es="Linear";ed="In";};["Right Leg"]={tm=.0999;cf=cfr(.146,.133,.164,.994,.06,-.092,-.044,.985,.166,.101,-.161,.982);es="Linear";ed="In";};};{tm=4.6;["Torso"]={tm=.2000;cf=cfr(.021,.474,-.033,.956,.262,-.132,-.276,.957,-.094,.102,.127,.987);es="Linear";ed="In";};["Left Leg"]={tm=.1000;cf=cfr(.284,.007,-.048,.649,-.066,.758,.119,.993,-.015,-.752,.1,.652);es="Linear";ed="In";};["Right Arm"]={tm=.0670;cf=cfr(-.264,-.592,.081,-.563,-.796,.22,.601,-.213,.77,-.566,.566,.599);es="Linear";ed="In";};["Left Arm"]={tm=.2000;cf=cfr(.592,-.228,-.169,.079,.977,.199,-.99,.054,.13,.116,-.208,.971);es="Linear";ed="In";};["Right Leg"]={tm=.2000;cf=cfr(.144,.14,.161,.994,.051,-.097,-.031,.98,.198,.105,-.194,.975);es="Linear";ed="In";};};{tm=4.667;["Right Arm"]={tm=.0330;cf=cfr(.127,-.441,-.301,-.437,-.894,.104,.69,-.259,.676,-.578,.367,.729);es="Linear";ed="In";};};{tm=4.7;["Left Leg"]={tm=.0999;cf=cfr(.09,.094,.006,.751,-.145,.644,.056,.986,.157,-.657,-.081,.749);es="Linear";ed="In";};["Right Arm"]={tm=.0999;cf=cfr(.328,-.358,-.301,-.373,-.927,.036,.733,-.27,.625,-.569,.259,.78);es="Linear";ed="In";};};{tm=4.8;["Torso"]={tm=.133;cf=cfr(.007,.224,-.033,.896,-.418,.152,.436,.892,-.121,-.085,.175,.981);es="Linear";ed="In";};["Left Leg"]={tm=.133;cf=cfr(-.104,.182,.06,.843,-.053,.535,-.089,.968,.236,-.53,-.247,.811);es="Linear";ed="In";};["Right Arm"]={tm=.133;cf=cfr(.837,-.141,-.042,-.012,-.896,-.445,.874,-.225,.43,-.485,-.384,.786);es="Linear";ed="In";};["Head"]={tm=.3330;cf=cfr(0,0,0,.808,.461,.366,-.498,.867,.008,-.314,-.189,.93);es="Linear";ed="In";};["Left Arm"]={tm=.133;cf=cfr(.128,-.123,.083,-.074,.87,-.487,-.911,.139,.388,.405,.472,.783);es="Linear";ed="In";};["Right Leg"]={tm=.133;cf=cfr(-.249,-.074,-.037,.852,.136,-.506,-.207,.974,-.087,.481,.179,.858);es="Linear";ed="In";};};{tm=4.933;["Torso"]={tm=.1340;cf=cfr(.007,.224,-.033,.89,-.417,.184,.442,.889,-.12,-.113,.188,.976);es="Linear";ed="In";};["Left Leg"]={tm=.1340;cf=cfr(-.1,.201,.058,.838,-.035,.544,-.127,.958,.258,-.53,-.286,.798);es="Linear";ed="In";};["Right Arm"]={tm=.0670;cf=cfr(.883,-.108,-.139,-.529,-.805,.268,.762,-.311,.568,-.374,.505,.778);es="Linear";ed="In";};["Left Arm"]={tm=.1340;cf=cfr(.128,-.123,.083,-.107,.871,-.479,-.914,.102,.392,.39,.48,.786);es="Linear";ed="In";};["Right Leg"]={tm=.1340;cf=cfr(-.25,-.072,-.036,.863,.052,-.503,-.14,.98,-.139,.486,.191,.853);es="Linear";ed="In";};};{tm=5;["Right Arm"]={tm=.133;cf=cfr(.952,-.076,-.343,-.647,-.641,.413,.737,-.386,.555,-.196,.663,.722);es="Linear";ed="In";};};{tm=5.067;["Torso"]={tm=.0659;cf=cfr(-.009,.293,-.033,.972,-.211,.107,.221,.971,-.096,-.084,.117,.99);es="Linear";ed="In";};["Left Leg"]={tm=.0659;cf=cfr(.14,.084,.032,.722,-.102,.685,-.056,.977,.205,-.69,-.187,.699);es="Linear";ed="In";};["Left Arm"]={tm=.0659;cf=cfr(.285,-.222,.128,-.056,.94,-.336,-.921,.082,.381,.386,.331,.861);es="Linear";ed="In";};["Right Leg"]={tm=.0659;cf=cfr(-.094,-.004,.038,.943,-.006,-.334,-.02,.997,-.073,.333,.076,.94);es="Linear";ed="In";};};{tm=5.133;["Torso"]={tm=.1669;cf=cfr(-.004,.31,-.033,.983,-.149,.111,.159,.983,-.093,-.095,.109,.989);es="Linear";ed="In";};["Left Leg"]={tm=.1669;cf=cfr(.234,.084,.019,.668,-.107,.736,-.061,.978,.198,-.742,-.177,.647);es="Linear";ed="In";};["Right Arm"]={tm=.0670;cf=cfr(.911,.058,-.313,-.242,-.906,-.347,.96,-.276,.053,-.144,-.32,.936);es="Linear";ed="In";};["Head"]={tm=.1669;cf=cfr(0,0,0,.892,.388,.231,-.384,.921,-.062,-.237,-.033,.971);es="Linear";ed="In";};["Left Arm"]={tm=.1669;cf=cfr(.339,-.227,.137,-.045,.952,-.302,-.922,.077,.379,.384,.296,.875);es="Linear";ed="In";};["Right Leg"]={tm=.1669;cf=cfr(-.035,.002,.042,.965,-.008,-.263,-.012,.997,-.073,.262,.074,.962);es="Linear";ed="In";};};{tm=5.2;["Right Arm"]={tm=.0999;cf=cfr(.878,.044,-.142,-.119,-.873,-.472,.993,-.113,-.041,-.018,-.474,.88);es="Linear";ed="In";};};{tm=5.3;["Torso"]={tm=.1669;cf=cfr(-.004,.31,-.033,.931,-.316,.184,.359,.887,-.29,-.072,.336,.939);es="Linear";ed="In";};["Left Leg"]={tm=.1669;cf=cfr(-.267,.138,-.015,.788,.08,.61,-.204,.969,.136,-.581,-.232,.78);es="Linear";ed="In";};["Right Arm"]={tm=.1000;cf=cfr(.657,.186,-.515,-.598,-.501,.626,.776,-.558,.295,.201,.662,.722);es="Linear";ed="In";};["Head"]={tm=.1669;cf=cfr(0,0,0,.778,.338,.53,-.377,.925,-.037,-.503,-.171,.847);es="Linear";ed="In";};["Left Arm"]={tm=.2670;cf=cfr(.233,-.192,.094,-.296,.888,-.351,-.892,-.126,.433,.341,.441,.83);es="Linear";ed="In";};["Right Leg"]={tm=.1669;cf=cfr(.021,-.051,.057,.876,-.201,-.439,.134,.975,-.178,.463,.097,.881);es="Linear";ed="In";};};{tm=5.4;["Right Arm"]={tm=.1669;cf=cfr(.676,.172,-.548,-.602,-.18,.778,.733,-.51,.45,.315,.842,.439);es="Linear";ed="In";};};{tm=5.467;["Torso"]={tm=.1000;cf=cfr(-.015,.31,-.053,.927,-.302,.224,.362,.877,-.316,-.101,.373,.922);es="Linear";ed="In";};["Left Leg"]={tm=.1000;cf=cfr(-.246,.19,-.021,.764,.121,.634,-.281,.947,.158,-.581,-.299,.757);es="Linear";ed="In";};["Head"]={tm=.1000;cf=cfr(0,0,0,.761,.291,.58,-.325,.945,-.048,-.562,-.152,.813);es="Linear";ed="In";};["Right Leg"]={tm=.1000;cf=cfr(.038,-.103,.054,.878,-.242,-.413,.146,.957,-.249,.456,.158,.876);es="Linear";ed="In";};};{tm=5.567;["Torso"]={tm=.0999;cf=cfr(-.015,.31,-.053,.931,-.292,.217,.349,.886,-.306,-.103,.361,.927);es="Linear";ed="In";};["Left Leg"]={tm=.0999;cf=cfr(-.236,.188,-.02,.767,.101,.633,-.26,.952,.163,-.586,-.289,.757);es="Linear";ed="In";};["Right Arm"]={tm=.0999;cf=cfr(.634,-.002,-.292,-.449,-.664,.598,.875,-.462,.145,.18,.588,.788);es="Linear";ed="In";};["Head"]={tm=.0999;cf=cfr(0,0,0,.778,.166,.605,-.186,.982,-.029,-.599,-.09,.795);es="Linear";ed="In";};["Left Arm"]={tm=.2000;cf=cfr(.243,-.196,.098,-.296,.888,-.351,-.892,-.126,.433,.341,.441,.83);es="Linear";ed="In";};["Right Leg"]={tm=.0999;cf=cfr(.03,-.08,.057,.882,-.222,-.415,.134,.964,-.232,.451,.149,.88);es="Linear";ed="In";};};{tm=5.667;["Torso"]={tm=.1000;cf=cfr(-.015,.372,-.092,.976,-.187,.11,.205,.961,-.184,-.072,.202,.977);es="Linear";ed="In";};["Left Leg"]={tm=.1000;cf=cfr(-.118,.217,.021,.881,-.065,.469,-.032,.98,.197,-.472,-.188,.861);es="Linear";ed="In";};["Right Arm"]={tm=.0330;cf=cfr(.079,-.111,-.371,-.367,-.899,.238,.926,-.328,.19,-.093,.29,.952);es="Linear";ed="In";};["Head"]={tm=.1000;cf=cfr(0,0,0,.878,.143,.458,-.085,.986,-.145,-.472,.088,.877);es="Linear";ed="In";};["Right Leg"]={tm=.1000;cf=cfr(.096,.057,.104,.902,-.113,-.416,.101,.994,-.049,.419,.002,.908);es="Linear";ed="In";};};{tm=5.7;["Right Arm"]={tm=.0670;cf=cfr(-.229,-.137,-.266,-.298,-.914,.274,.951,-.259,.17,-.084,.311,.947);es="Linear";ed="In";};};{tm=5.767;["Torso"]={tm=.133;cf=cfr(-.015,.433,-.032,.998,-.062,.019,.063,.997,-.043,-.016,.044,.999);es="Linear";ed="In";};["Left Leg"]={tm=.133;cf=cfr(-.037,.151,.074,.926,-.246,.287,.198,.963,.185,-.322,-.114,.94);es="Linear";ed="In";};["Right Arm"]={tm=.133;cf=cfr(-.845,-.188,-.056,-.146,-.951,.274,.986,-.118,.116,-.078,.287,.955);es="Linear";ed="In";};["Head"]={tm=.133;cf=cfr(0,0,0,.961,.058,.271,.006,.974,-.228,-.277,.221,.935);es="Linear";ed="In";};["Left Arm"]={tm=.133;cf=cfr(.233,-.414,.101,-.195,.959,.206,-.932,-.247,.265,.305,-.14,.942);es="Linear";ed="In";};["Right Leg"]={tm=.133;cf=cfr(.14,.05,.122,.917,.036,-.398,-.012,.998,.063,.399,-.053,.915);es="Linear";ed="In";};};{tm=5.9;["Torso"]={tm=0;cf=cfr(0,.112,-.1,1,0,0,0,.984,-.176,0,.176,.984);es="Linear";ed="In";};["Left Leg"]={tm=0;cf=cfr(-.025,.106,.075,.9,-.253,.354,.207,.964,.164,-.383,-.074,.921);es="Linear";ed="In";};["Right Arm"]={tm=0;cf=cfr(-.274,-.602,-.071,-.415,-.733,-.538,.89,-.451,-.071,-.191,-.509,.84);es="Linear";ed="In";};["Head"]={tm=0;cf=cfr(0,0,0,.966,.136,.222,-.194,.946,.261,-.174,-.295,.939);es="Linear";ed="In";};["Left Arm"]={tm=0;cf=cfr(-.014,-.407,.166,-.489,.486,.724,-.544,-.819,.182,.682,-.305,.665);es="Linear";ed="In";};["Right Leg"]={tm=0;cf=cfr(.123,.124,.122,.915,-.02,-.403,.049,.997,.062,.4,-.076,.913);es="Linear";ed="In";};};}