-- // converted using mech's animoduler
local cfr = CFrame.new

return {{tm=0;["Torso"]={tm=.133;cf=cfr(-.04,.553,-.05,1,.009,-.008,-.011,.981,-.195,.006,.195,.981);es="Linear";ed="In";};["Left Leg"]={tm=.133;cf=cfr(-.549,.106,.089,.908,.116,.403,-.141,.99,.031,-.395,-.085,.915);es="Linear";ed="In";};["Right Arm"]={tm=.133;cf=cfr(-.216,-.684,.22,-.102,-.988,-.116,.415,-.148,.898,-.904,.043,.425);es="Linear";ed="In";};["Head"]={tm=.133;cf=cfr(0,0,0,.991,-.12,.056,.106,.972,.208,-.08,-.201,.976);es="Linear";ed="In";};["Right Leg"]={tm=.133;cf=cfr(.348,.078,.059,.903,.23,-.364,-.185,.971,.154,.388,-.071,.919);es="Linear";ed="In";};["Left Arm"]={tm=.133;cf=cfr(.261,-.696,.03,-.046,.983,.178,-.496,-.177,.85,.867,-.05,.496);es="Linear";ed="In";};};{tm=.133;["Torso"]={tm=.034;cf=cfr(-.04,.074,-.035,1,.009,-.008,-.011,.968,-.252,.006,.252,.968);es="Linear";ed="In";};["Left Leg"]={tm=.034;cf=cfr(-.201,.035,.085,.901,.155,.404,-.177,.984,.016,-.395,-.085,.915);es="Linear";ed="In";};["Right Arm"]={tm=.034;cf=cfr(.837,-.188,.206,-.307,-.91,-.277,.413,-.39,.823,-.857,.139,.496);es="Linear";ed="In";};["Head"]={tm=.1;cf=cfr(0,0,0,.974,-.073,.213,-.084,.758,.647,-.209,-.648,.732);es="Linear";ed="In";};["Right Leg"]={tm=.034;cf=cfr(.438,-.028,.059,.862,.379,-.336,-.324,.922,.21,.39,-.072,.918);es="Linear";ed="In";};["Left Arm"]={tm=.034;cf=cfr(-.791,-.189,.044,-.348,.863,.365,-.464,-.497,.733,.815,.085,.574);es="Linear";ed="In";};};{tm=.167;["Torso"]={tm=.1;cf=cfr(-.04,.012,-.012,1,.009,-.008,-.011,.976,-.217,.006,.217,.976);es="Linear";ed="In";};["Left Leg"]={tm=.066;cf=cfr(-.1,-.027,.084,.907,.124,.403,-.148,.989,.028,-.395,-.085,.915);es="Linear";ed="In";};["Right Arm"]={tm=.066;cf=cfr(.858,-.034,.204,-.393,-.803,-.449,.359,-.583,.729,-.847,.126,.517);es="Linear";ed="In";};["Right Leg"]={tm=.1;cf=cfr(.392,-.086,.06,.848,.417,-.328,-.359,.906,.224,.39,-.072,.918);es="Linear";ed="In";};["Left Arm"]={tm=.066;cf=cfr(-.809,-.038,.045,-.448,.723,.527,-.391,-.688,.612,.804,.068,.59);es="Linear";ed="In";};};{tm=.233;["Left Leg"]={tm=.034;cf=cfr(-.097,-.028,.084,.9,.162,.404,-.183,.983,.013,-.395,-.086,.915);es="Linear";ed="In";};["Right Arm"]={tm=.034;cf=cfr(1.103,.554,.197,-.521,-.472,-.711,.198,-.877,.437,-.83,.087,.551);es="Linear";ed="In";};["Head"]={tm=.034;cf=cfr(0,0,0,.93,.17,.327,-.355,.652,.671,-.099,-.739,.666);es="Linear";ed="In";};["Left Arm"]={tm=.034;cf=cfr(-1.049,.544,.052,-.585,.326,.742,-.181,-.945,.272,.79,.024,.612);es="Linear";ed="In";};};{tm=.267;["Torso"]={tm=.066;cf=cfr(-.04,.035,-.012,1,.009,-.008,-.011,.972,-.235,.006,.235,.972);es="Linear";ed="In";};["Left Leg"]={tm=.066;cf=cfr(-.117,-.025,.084,.903,.149,.404,-.17,.985,.018,-.395,-.085,.915);es="Linear";ed="In";};["Right Arm"]={tm=.066;cf=cfr(1.109,.536,.197,-.508,-.556,-.658,.132,-.805,.578,-.851,.207,.482);es="Linear";ed="In";};["Head"]={tm=.066;cf=cfr(0,0,0,.956,.067,.285,-.267,.598,.756,-.12,-.799,.589);es="Linear";ed="In";};["Right Leg"]={tm=.066;cf=cfr(.396,-.079,.06,.849,.414,-.328,-.356,.907,.223,.39,-.072,.918);es="Linear";ed="In";};["Left Arm"]={tm=.066;cf=cfr(-1.066,.496,.126,-.538,.607,.585,-.187,-.763,.619,.822,.224,.524);es="Linear";ed="In";};};{tm=.333;["Torso"]={tm=.067;cf=cfr(-.04,.367,-.15,1,.004,-.018,-.012,.877,-.481,.014,.481,.877);es="Linear";ed="In";};["Left Leg"]={tm=.067;cf=cfr(-.615,.326,.092,.82,.411,.399,-.41,.908,-.092,-.4,-.088,.912);es="Linear";ed="In";};["Right Arm"]={tm=.0339;cf=cfr(.969,.037,.203,-.501,-.854,-.139,.269,-.307,.913,-.822,.42,.383);es="Linear";ed="In";};["Head"]={tm=.067;cf=cfr(0,0,0,.969,-.143,.201,-.007,.799,.601,-.247,-.584,.773);es="Linear";ed="In";};["Right Leg"]={tm=.067;cf=cfr(.808,.298,.051,.918,.129,-.375,-.091,.989,.116,.386,-.072,.92);es="Linear";ed="In";};["Left Arm"]={tm=.0339;cf=cfr(-.924,.024,.047,-.539,.83,.142,-.325,-.361,.874,.777,.425,.464);es="Linear";ed="In";};};{tm=.367;["Right Arm"]={tm=.1000;cf=cfr(.67,-.4,.29,-.299,-.821,.487,.273,.415,.868,-.914,.392,.1);es="Linear";ed="In";};["Left Arm"]={tm=.1000;cf=cfr(-.604,-.227,.055,.027,.805,-.592,-.536,.512,.671,.844,.299,.446);es="Linear";ed="In";};};{tm=.4;["Torso"]={tm=.067;cf=cfr(-.04,.432,-.15,.999,-.036,.007,.033,.808,-.588,.015,.588,.809);es="Linear";ed="In";};["Left Leg"]={tm=.067;cf=cfr(-.666,.364,.09,.727,.577,.372,-.557,.812,-.173,-.402,-.081,.912);es="Linear";ed="In";};["Head"]={tm=.067;cf=cfr(0,0,0,.995,-.081,-.063,.1,.623,.776,-.024,-.778,.628);es="Linear";ed="In";};["Right Leg"]={tm=.067;cf=cfr(.856,.387,.054,.923,.022,-.384,.008,.997,.076,.385,-.074,.92);es="Linear";ed="In";};};{tm=.467;["Torso"]={tm=.0999;cf=cfr(-.04,.397,-.15,1,-.023,-.013,.012,.836,-.549,.024,.548,.836);es="Linear";ed="In";};["Left Leg"]={tm=.0999;cf=cfr(-.67,.367,.091,.776,.5,.384,-.488,.862,-.137,-.4,-.081,.913);es="Linear";ed="In";};["Right Arm"]={tm=.0999;cf=cfr(.735,-.447,.205,-.344,-.645,.683,.445,.529,.723,-.827,.552,.105);es="Linear";ed="In";};["Head"]={tm=.0999;cf=cfr(0,0,0,.996,-.017,-.083,.071,.707,.704,.047,-.707,.706);es="Linear";ed="In";};["Right Leg"]={tm=.0999;cf=cfr(.857,.37,.053,.921,.072,-.384,-.037,.995,.098,.389,-.076,.918);es="Linear";ed="In";};["Left Arm"]={tm=.0999;cf=cfr(-.593,-.303,.057,-.118,.632,-.766,-.592,.575,.565,.797,.52,.306);es="Linear";ed="In";};};{tm=.567;["Torso"]={tm=.266;cf=cfr(-.04,.401,-.15,1,-.025,.012,.027,.853,-.521,.002,.521,.854);es="Linear";ed="In";};["Left Leg"]={tm=.1660;cf=cfr(-.668,.376,.089,.792,.456,.405,-.46,.883,-.094,-.4,-.112,.91);es="Linear";ed="In";};["Right Arm"]={tm=.1660;cf=cfr(.735,-.447,.205,-.363,-.63,.686,.5,.49,.714,-.786,.603,.137);es="Linear";ed="In";};["Head"]={tm=.133;cf=cfr(0,0,0,1,.023,.017,-.029,.752,.659,.002,-.659,.752);es="Linear";ed="In";};["Right Leg"]={tm=.1660;cf=cfr(.878,.336,.052,.921,.143,-.362,-.115,.989,.098,.372,-.048,.927);es="Linear";ed="In";};["Left Arm"]={tm=.1660;cf=cfr(-.593,-.303,.057,-.19,.573,-.797,-.703,.487,.518,.685,.659,.31);es="Linear";ed="In";};};{tm=.7;["Head"]={tm=.0670;cf=cfr(0,0,0,.99,.098,-.1,-.096,.995,.029,.102,-.019,.995);es="Linear";ed="In";};};{tm=.733;["Left Leg"]={tm=.0999;cf=cfr(-.675,.186,.088,.889,.21,.408,-.228,.974,-.003,-.398,-.09,.913);es="Linear";ed="In";};["Right Arm"]={tm=.0999;cf=cfr(.186,-.547,.238,-.256,-.937,-.239,.456,-.335,.824,-.852,.102,.513);es="Linear";ed="In";};["Right Leg"]={tm=.0999;cf=cfr(.514,.142,.05,.921,.14,-.364,-.111,.989,.1,.374,-.051,.926);es="Linear";ed="In";};["Left Arm"]={tm=.0999;cf=cfr(-.035,-.44,.055,-.243,.962,.125,-.663,-.259,.702,.708,.087,.701);es="Linear";ed="In";};};{tm=.767;["Head"]={tm=.0659;cf=cfr(0,0,0,.997,-.067,.025,.07,.992,-.104,-.018,.106,.994);es="Linear";ed="In";};};{tm=.833;["Torso"]={tm=0;cf=cfr(-.04,.553,-.05,1,.009,-.008,-.011,.981,-.195,.006,.195,.981);es="Linear";ed="In";};["Left Leg"]={tm=0;cf=cfr(-.581,.112,.088,.91,.091,.404,-.119,.992,.044,-.397,-.088,.914);es="Linear";ed="In";};["Right Arm"]={tm=0;cf=cfr(-.334,-.629,.246,-.015,-.996,.091,.501,.071,.862,-.865,.059,.498);es="Linear";ed="In";};["Head"]={tm=0;cf=cfr(0,0,0,.993,-.018,.119,.018,1,-.001,-.119,.003,.993);es="Linear";ed="In";};["Right Leg"]={tm=0;cf=cfr(.373,.084,.056,.904,.233,-.357,-.19,.97,.154,.382,-.071,.921);es="Linear";ed="In";};["Left Arm"]={tm=0;cf=cfr(.442,-.486,.047,.123,.967,-.223,-.69,.245,.681,.714,.07,.697);es="Linear";ed="In";};};}