-- // converted using mech's animoduler
local cfr = CFrame.new

return {{tm=0;["Torso"]={tm=.133;cf=cfr(0,0,-.045,1,0,0,0,.981,-.193,0,.193,.981);es="Linear";ed="In";};["Left Arm"]={tm=.067;cf=cfr(-.017,-.089,.251,.309,.668,-.677,-.687,.649,.327,.658,.364,.659);es="Linear";ed="In";};["Right Arm"]={tm=.067;cf=cfr(-.126,-.21,.247,.346,-.634,.692,.689,.672,.271,-.636,.383,.669);es="Linear";ed="In";};["Head"]={tm=.133;cf=cfr(0,0,0,1,0,0,0,.994,.114,0,-.114,.994);es="Linear";ed="In";};};{tm=.067;["Left Arm"]={tm=.066;cf=cfr(.242,-.104,.251,.465,.878,.116,-.572,.198,.796,.676,-.437,.594);es="Linear";ed="In";};["Right Arm"]={tm=.066;cf=cfr(-.104,-.076,.193,.273,-.95,-.151,.795,.134,.591,-.541,-.282,.792);es="Linear";ed="In";};};{tm=.133;["Torso"]={tm=.1;cf=cfr(0,0,-.045,1,0,0,0,.997,.081,0,-.081,.997);es="Linear";ed="In";};["Left Arm"]={tm=.034;cf=cfr(-.017,.205,.251,-.414,-.18,.892,-.179,-.945,-.273,.892,-.273,.359);es="Linear";ed="In";};["Right Arm"]={tm=.034;cf=cfr(.005,.31,.138,-.695,.322,-.644,.043,-.874,-.483,-.718,-.363,.594);es="Linear";ed="In";};["Head"]={tm=.1;cf=cfr(0,0,0,1,0,0,0,.986,-.167,0,.167,.986);es="Linear";ed="In";};};{tm=.167;["Left Arm"]={tm=.066;cf=cfr(-.032,.507,.251,-.396,-.401,.826,.151,-.916,-.372,.906,-.023,.423);es="Linear";ed="In";};["Right Arm"]={tm=.066;cf=cfr(.019,.577,.138,-.612,.584,-.534,-.411,-.811,-.416,-.676,-.035,.736);es="Linear";ed="In";};};{tm=.233;["Torso"]={tm=.034;cf=cfr(-.001,0,-.045,1,0,0,0,.997,.071,0,-.071,.997);es="Linear";ed="In";};["Left Arm"]={tm=.034;cf=cfr(.153,.653,.075,-.328,-.446,.833,.339,-.878,-.336,.882,.172,.44);es="Linear";ed="In";};["Right Arm"]={tm=.034;cf=cfr(-.223,.659,.073,-.613,.527,-.588,-.419,-.848,-.323,-.669,.048,.741);es="Linear";ed="In";};["Head"]={tm=.034;cf=cfr(0,0,0,1,0,0,0,.973,-.232,0,.232,.973);es="Linear";ed="In";};};{tm=.267;["Torso"]={tm=.0999;cf=cfr(-.001,0,-.045,1,0,0,0,.998,.058,0,-.058,.998);es="Linear";ed="In";};["Left Arm"]={tm=.066;cf=cfr(.129,.649,.119,-.334,-.447,.83,.419,-.859,-.294,.844,.249,.474);es="Linear";ed="In";};["Right Arm"]={tm=.066;cf=cfr(-.111,.65,.154,-.617,.528,-.584,-.474,-.842,-.26,-.628,.116,.769);es="Linear";ed="In";};["Head"]={tm=.0999;cf=cfr(0,0,0,1,0,0,0,.973,-.232,0,.232,.973);es="Linear";ed="In";};};{tm=.333;["Left Arm"]={tm=.0339;cf=cfr(-.757,-.139,.152,-.219,.896,.386,-.467,-.444,.765,.857,-.013,.516);es="Linear";ed="In";};["Right Arm"]={tm=.0339;cf=cfr(.618,-.165,.216,-.348,-.803,-.483,.338,-.589,.734,-.874,.092,.477);es="Linear";ed="In";};};{tm=.367;["Torso"]={tm=.1000;cf=cfr(0,0,-.045,1,0,0,0,.905,-.425,0,.425,.905);es="Linear";ed="In";};["Left Arm"]={tm=.1000;cf=cfr(-.411,-.313,.052,.178,.625,-.76,-.508,.72,.473,.843,.302,.446);es="Linear";ed="In";};["Right Arm"]={tm=.1000;cf=cfr(.42,-.49,.294,-.207,-.669,.714,.344,.634,.693,-.916,.389,.099);es="Linear";ed="In";};["Head"]={tm=.1000;cf=cfr(0,0,0,1,0,0,0,.84,-.542,0,.542,.84);es="Linear";ed="In";};};{tm=.467;["Torso"]={tm=.0999;cf=cfr(0,0,-.045,1,0,0,0,.859,-.511,0,.511,.859);es="Linear";ed="In";};["Left Arm"]={tm=.0999;cf=cfr(-.178,-.446,.052,.13,.343,-.93,-.592,.779,.205,.795,.524,.305);es="Linear";ed="In";};["Right Arm"]={tm=.0999;cf=cfr(.243,-.626,.212,-.132,-.376,.917,.542,.747,.384,-.83,.548,.106);es="Linear";ed="In";};["Head"]={tm=.0999;cf=cfr(0,0,0,1,0,0,0,.756,-.654,0,.654,.756);es="Linear";ed="In";};};{tm=.567;["Torso"]={tm=.266;cf=cfr(0,0,-.045,1,0,0,0,.87,-.494,0,.494,.87);es="Linear";ed="In";};["Left Arm"]={tm=.266;cf=cfr(-.178,-.446,.005,.15,.356,-.923,-.561,.799,.217,.814,.485,.319);es="Linear";ed="In";};["Right Arm"]={tm=.266;cf=cfr(.243,-.626,.174,-.126,-.38,.916,.529,.756,.386,-.839,.533,.106);es="Linear";ed="In";};["Head"]={tm=.266;cf=cfr(0,0,0,1,0,0,0,.722,-.692,0,.692,.722);es="Linear";ed="In";};};{tm=.833;["Torso"]={tm=0;cf=cfr(0,0,-.045,1,0,0,0,.907,-.421,0,.421,.907);es="Linear";ed="In";};["Left Arm"]={tm=0;cf=cfr(-.084,-.254,.055,.187,.376,-.908,-.486,.838,.246,.853,.395,.34);es="Linear";ed="In";};["Right Arm"]={tm=0;cf=cfr(.136,-.404,.289,-.093,-.399,.912,.465,.792,.394,-.88,.461,.112);es="Linear";ed="In";};["Head"]={tm=0;cf=cfr(0,0,0,1,0,0,0,.97,-.244,0,.244,.97);es="Linear";ed="In";};};}