-- // converted using mech's animoduler
local cfr = CFrame.new

return {{tm=0;["Torso"]={tm=.083;cf=cfr(0,0,-.032,1,0,0,0,.994,-.106,0,.106,.994);es="Linear";ed="In";};["Left Leg"]={tm=.083;cf=cfr(-.161,.024,.049,.978,-.056,.202,.041,.996,.077,-.206,-.067,.976);es="Linear";ed="In";};["Right Arm"]={tm=.083;cf=cfr(.639,.094,0,-.4,-.478,-.782,.218,-.878,.425,-.89,0,.456);es="Linear";ed="In";};["Head"]={tm=.083;cf=cfr(0,0,0,1,0,0,0,.97,.241,0,-.241,.97);es="Linear";ed="In";};["Left Arm"]={tm=.083;cf=cfr(-.598,.188,0,-.571,.477,.668,-.298,-.879,.373,.765,.014,.644);es="Linear";ed="In";};["Right Leg"]={tm=.083;cf=cfr(.2,-.001,.031,.98,.142,-.141,-.132,.988,.081,.151,-.061,.987);es="Linear";ed="In";};};{tm=.083;["Torso"]={tm=.0999;cf=cfr(0,-.071,-.041,.999,.041,-.006,-.042,.98,-.194,-.002,.194,.981);es="Linear";ed="In";};["Left Leg"]={tm=.0999;cf=cfr(-.201,.018,.05,.979,-.018,.205,.004,.998,.068,-.205,-.066,.976);es="Linear";ed="In";};["Right Arm"]={tm=.0999;cf=cfr(.559,.066,.091,-.16,-.979,-.123,.418,-.18,.89,-.894,.091,.438);es="Linear";ed="In";};["Head"]={tm=.0999;cf=cfr(0,0,0,1,0,0,0,.88,.474,0,-.474,.88);es="Linear";ed="In";};["Left Arm"]={tm=.0999;cf=cfr(-.542,.169,.042,-.181,.978,.1,-.618,-.192,.763,.765,.076,.639);es="Linear";ed="In";};["Right Leg"]={tm=.0999;cf=cfr(.303,.002,.033,.985,.093,-.145,-.083,.994,.073,.151,-.06,.987);es="Linear";ed="In";};};{tm=.183;["Torso"]={tm=.0999;cf=cfr(0,-.303,-.112,1,0,0,0,.945,-.328,0,.328,.945);es="Linear";ed="In";};["Left Leg"]={tm=.0999;cf=cfr(-.37,.052,.088,.964,-.031,.265,.019,.999,.049,-.266,-.042,.963);es="Linear";ed="In";};["Right Arm"]={tm=.0999;cf=cfr(.399,.215,.2,-.182,-.981,.073,.419,-.01,.908,-.889,.196,.413);es="Linear";ed="In";};["Head"]={tm=.0999;cf=cfr(0,0,0,1,0,0,0,.901,-.434,0,.434,.901);es="Linear";ed="In";};["Left Arm"]={tm=.0999;cf=cfr(-.408,.293,.065,-.143,.988,-.062,-.617,-.04,.786,.774,.151,.615);es="Linear";ed="In";};["Right Leg"]={tm=.0999;cf=cfr(.417,.055,.035,.985,.098,-.144,-.088,.993,.073,.15,-.059,.987);es="Linear";ed="In";};};{tm=.283;["Torso"]={tm=.1170;cf=cfr(0,-.57,-.188,.999,-.036,.012,.038,.928,-.371,.002,.371,.929);es="Linear";ed="In";};["Left Leg"]={tm=.1170;cf=cfr(-.318,.041,.136,.957,-.08,.278,.068,.996,.053,-.281,-.032,.959);es="Linear";ed="In";};["Right Arm"]={tm=.1170;cf=cfr(.49,.074,.354,-.334,-.928,.163,.535,-.044,.844,-.776,.369,.511);es="Linear";ed="In";};["Head"]={tm=.1170;cf=cfr(0,0,0,.764,-.645,.019,.552,.638,-.536,.334,.42,.844);es="Linear";ed="In";};["Left Arm"]={tm=.1170;cf=cfr(-.504,.243,.09,-.314,.929,-.196,-.651,-.061,.756,.691,.366,.624);es="Linear";ed="In";};["Right Leg"]={tm=.1170;cf=cfr(.393,.022,.038,.971,.196,-.135,-.186,.979,.085,.149,-.057,.987);es="Linear";ed="In";};};{tm=.4;["Torso"]={tm=.1500;cf=cfr(0,-.631,-.214,1,-.021,.006,.021,.883,-.469,.004,.469,.883);es="Linear";ed="In";};["Left Leg"]={tm=.1500;cf=cfr(-.321,.064,.147,.956,.04,.291,-.045,.999,.011,-.291,-.024,.957);es="Linear";ed="In";};["Right Arm"]={tm=.1500;cf=cfr(.287,.112,.354,-.427,-.899,.102,.448,-.112,.887,-.786,.424,.45);es="Linear";ed="In";};["Head"]={tm=.0999;cf=cfr(0,0,0,.975,.221,.002,-.207,.915,-.348,-.078,.339,.938);es="Linear";ed="In";};["Left Arm"]={tm=.1500;cf=cfr(-.306,.164,.279,-.48,.874,-.07,-.497,-.205,.843,.723,.44,.533);es="Linear";ed="In";};["Right Leg"]={tm=.1500;cf=cfr(.398,.08,.025,.988,.049,-.148,-.04,.997,.067,.151,-.06,.987);es="Linear";ed="In";};};{tm=.5;["Head"]={tm=.133;cf=cfr(0,0,0,1,.006,.017,.004,.832,-.555,-.017,.555,.832);es="Linear";ed="In";};};{tm=.55;["Torso"]={tm=.0829;cf=cfr(0,-.031,-.153,.994,-.108,.014,.109,.99,-.086,-.005,.087,.996);es="Linear";ed="In";};["Left Leg"]={tm=.0829;cf=cfr(-.35,.087,.127,.941,-.213,.264,.193,.976,.101,-.279,-.044,.959);es="Linear";ed="In";};["Right Arm"]={tm=.1829;cf=cfr(.854,-.013,.234,-.093,-.996,-.019,.41,-.055,.91,-.907,.077,.413);es="Linear";ed="In";};["Left Arm"]={tm=.1829;cf=cfr(-.865,.014,-.017,-.305,.931,-.199,-.71,-.083,.699,.635,.354,.687);es="Linear";ed="In";};["Right Leg"]={tm=.0829;cf=cfr(.321,.013,.016,.951,.28,-.128,-.273,.959,.074,.143,-.036,.989);es="Linear";ed="In";};};{tm=.633;["Torso"]={tm=.0999;cf=cfr(0,.247,-.141,.969,-.246,-.01,.247,.967,.064,-.006,-.064,.998);es="Linear";ed="In";};["Left Leg"]={tm=.0999;cf=cfr(-.328,.079,.084,.971,-.173,.164,.164,.984,.07,-.173,-.041,.984);es="Linear";ed="In";};["Head"]={tm=.0999;cf=cfr(0,0,0,.961,-.272,.054,.235,.901,.364,-.148,-.337,.93);es="Linear";ed="In";};["Right Leg"]={tm=.0999;cf=cfr(.479,.038,.056,.911,.394,-.121,-.39,.919,.059,.134,-.006,.991);es="Linear";ed="In";};};{tm=.733;["Torso"]={tm=.1169;cf=cfr(0,.368,-.16,.965,-.263,.011,.251,.932,.263,-.08,-.25,.965);es="Linear";ed="In";};["Left Leg"]={tm=.1169;cf=cfr(-.355,.065,.102,.908,-.397,.132,.37,.91,.187,-.195,-.121,.973);es="Linear";ed="In";};["Right Arm"]={tm=.1169;cf=cfr(.31,-.33,.18,-.247,-.956,-.159,.602,-.28,.748,-.759,.089,.644);es="Linear";ed="In";};["Head"]={tm=.1169;cf=cfr(0,0,0,.978,-.157,-.14,.135,.979,-.153,.161,.13,.978);es="Linear";ed="In";};["Left Arm"]={tm=.1169;cf=cfr(-.312,-.251,.219,-.44,.887,.145,-.541,-.39,.745,.717,.249,.651);es="Linear";ed="In";};["Right Leg"]={tm=.1169;cf=cfr(.323,-.01,.016,.946,.299,-.126,-.292,.954,.068,.14,-.028,.99);es="Linear";ed="In";};};{tm=.85;["Torso"]={tm=.0830;cf=cfr(0,.123,-.187,.99,-.137,.011,.133,.974,.186,-.037,-.183,.982);es="Linear";ed="In";};["Left Leg"]={tm=.0830;cf=cfr(-.273,.092,.129,.89,-.42,.179,.389,.903,.185,-.239,-.094,.966);es="Linear";ed="In";};["Right Arm"]={tm=.1669;cf=cfr(.19,-.424,.252,-.409,-.899,-.155,.575,-.386,.722,-.709,.207,.675);es="Linear";ed="In";};["Head"]={tm=.1669;cf=cfr(0,0,0,.975,-.177,-.13,.134,.948,-.289,.175,.264,.948);es="Linear";ed="In";};["Left Arm"]={tm=.0830;cf=cfr(-.268,-.434,.315,-.588,.726,.356,-.266,-.589,.763,.764,.354,.54);es="Linear";ed="In";};["Right Leg"]={tm=.0830;cf=cfr(.338,.068,.017,.953,.274,-.128,-.267,.961,.067,.141,-.029,.99);es="Linear";ed="In";};};{tm=.933;["Torso"]={tm=.0839;cf=cfr(-.021,.048,-.262,.981,-.194,-.031,.19,.978,-.091,.048,.083,.995);es="Linear";ed="In";};["Left Leg"]={tm=.0839;cf=cfr(-.476,.214,.011,.992,-.114,.059,.109,.991,.081,-.068,-.074,.995);es="Linear";ed="In";};["Left Arm"]={tm=.0839;cf=cfr(-.272,-.317,.245,-.515,.802,.304,-.351,-.52,.778,.782,.294,.549);es="Linear";ed="In";};["Right Leg"]={tm=.0839;cf=cfr(.358,.312,.115,.969,-.007,-.248,.025,.997,.067,.246,-.071,.967);es="Linear";ed="In";};};{tm=1.017;["Torso"]={tm=.0830;cf=cfr(-.041,-.119,-.298,.96,-.268,-.082,.24,.936,-.259,.146,.229,.962);es="Linear";ed="In";};["Left Leg"]={tm=.0830;cf=cfr(-.496,.222,-.069,.991,.08,-.109,-.078,.997,.019,.11,-.01,.994);es="Linear";ed="In";};["Right Arm"]={tm=.0830;cf=cfr(.346,-.237,.289,-.423,-.547,-.722,.397,-.829,.395,-.815,-.119,.568);es="Linear";ed="In";};["Head"]={tm=.0830;cf=cfr(0,0,0,.971,.207,.116,-.231,.937,.262,-.055,-.281,.958);es="Linear";ed="In";};["Left Arm"]={tm=.0830;cf=cfr(-.276,-.201,.175,-.621,.772,.136,-.51,-.53,.677,.594,.351,.723);es="Linear";ed="In";};["Right Leg"]={tm=.0830;cf=cfr(.188,.461,.179,.92,-.16,-.358,.189,.981,.047,.343,-.111,.933);es="Linear";ed="In";};};{tm=1.1;["Torso"]={tm=.0669;cf=cfr(-.093,-.235,-.294,.949,-.284,-.135,.21,.891,-.402,.235,.353,.906);es="Linear";ed="In";};["Left Leg"]={tm=.0669;cf=cfr(-.491,.129,-.008,.968,.222,-.121,-.234,.968,-.096,.096,.122,.988);es="Linear";ed="In";};["Right Arm"]={tm=.0669;cf=cfr(.493,-.1,.206,-.486,-.391,-.782,.277,-.917,.286,-.829,-.077,.554);es="Linear";ed="In";};["Head"]={tm=.0669;cf=cfr(0,0,0,.959,.272,.078,-.283,.925,.254,-.003,-.265,.964);es="Linear";ed="In";};["Left Arm"]={tm=.0669;cf=cfr(-.196,-.179,.151,-.68,.716,.159,-.543,-.637,.547,.493,.285,.822);es="Linear";ed="In";};["Right Leg"]={tm=.0669;cf=cfr(.364,.551,.218,.886,-.153,-.438,.201,.977,.066,.418,-.147,.897);es="Linear";ed="In";};};{tm=1.167;["Torso"]={tm=.0660;cf=cfr(-.068,-.362,-.29,.936,-.299,-.185,.204,.89,-.407,.286,.344,.894);es="Linear";ed="In";};["Left Leg"]={tm=.0660;cf=cfr(-.412,.019,-.012,.967,.206,-.151,-.23,.958,-.169,.11,.198,.974);es="Linear";ed="In";};["Right Arm"]={tm=.0660;cf=cfr(.285,-.085,.13,-.581,-.395,-.712,.275,-.918,.285,-.766,-.03,.642);es="Linear";ed="In";};["Head"]={tm=.1159;cf=cfr(0,0,0,.959,.279,-.053,-.265,.947,.184,.101,-.163,.981);es="Linear";ed="In";};["Left Arm"]={tm=.0660;cf=cfr(-.137,-.237,.121,-.654,.749,.107,-.575,-.584,.574,.492,.314,.812);es="Linear";ed="In";};["Right Leg"]={tm=.0660;cf=cfr(.367,.56,.217,.851,-.064,-.521,.167,.974,.152,.498,-.217,.84);es="Linear";ed="In";};};{tm=1.233;["Torso"]={tm=.0499;cf=cfr(-.021,-.362,-.273,.942,-.292,-.168,.197,.881,-.43,.274,.372,.887);es="Linear";ed="In";};["Left Leg"]={tm=.0499;cf=cfr(-.427,.024,-.018,.96,.237,-.148,-.26,.951,-.168,.101,.2,.975);es="Linear";ed="In";};["Right Arm"]={tm=.0499;cf=cfr(.299,-.06,.118,-.664,-.28,-.693,.201,-.96,.196,-.72,-.01,.693);es="Linear";ed="In";};["Left Arm"]={tm=.0499;cf=cfr(-.137,-.237,.121,-.643,.761,.085,-.587,-.561,.584,.492,.326,.807);es="Linear";ed="In";};["Right Leg"]={tm=.0499;cf=cfr(.367,.56,.217,.849,-.097,-.52,.197,.97,.141,.491,-.222,.842);es="Linear";ed="In";};};{tm=1.283;["Torso"]={tm=.0840;cf=cfr(.049,-.362,-.302,.956,-.269,-.116,.19,.871,-.453,.223,.411,.884);es="Linear";ed="In";};["Left Leg"]={tm=.0840;cf=cfr(-.404,.109,.001,.953,.275,-.129,-.291,.948,-.131,.086,.162,.983);es="Linear";ed="In";};["Right Arm"]={tm=.0840;cf=cfr(.233,.046,.102,-.698,-.288,-.656,.263,-.955,.14,-.666,-.075,.742);es="Linear";ed="In";};["Head"]={tm=.1500;cf=cfr(0,0,0,1,-.016,-.014,.02,.945,.325,.008,-.326,.945);es="Linear";ed="In";};["Left Arm"]={tm=.0840;cf=cfr(-.127,-.232,.084,-.69,.714,.117,-.576,-.64,.509,.438,.284,.853);es="Linear";ed="In";};["Right Leg"]={tm=.0840;cf=cfr(.367,.56,.217,.852,-.142,-.504,.217,.972,.093,.476,-.188,.859);es="Linear";ed="In";};};{tm=1.367;["Torso"]={tm=.0660;cf=cfr(.072,-.362,-.291,.988,-.14,-.065,.098,.893,-.439,.119,.428,.896);es="Linear";ed="In";};["Left Leg"]={tm=.0660;cf=cfr(-.441,.192,.002,.981,.195,.008,-.195,.98,-.031,-.013,.029,.999);es="Linear";ed="In";};["Right Arm"]={tm=.0660;cf=cfr(.305,-.155,.108,-.824,-.254,-.507,.226,-.967,.117,-.52,-.018,.854);es="Linear";ed="In";};["Left Arm"]={tm=.0660;cf=cfr(.049,-.31,.042,-.732,.657,.177,-.584,-.74,.334,.35,.142,.926);es="Linear";ed="In";};["Right Leg"]={tm=.0660;cf=cfr(.417,.465,.184,.898,-.21,-.386,.235,.972,.017,.372,-.106,.922);es="Linear";ed="In";};};{tm=1.433;["Torso"]={tm=.0669;cf=cfr(.081,-.362,-.282,.991,-.123,-.058,.085,.89,-.447,.107,.438,.893);es="Linear";ed="In";};["Left Leg"]={tm=.0669;cf=cfr(-.438,.2,.003,.979,.203,.013,-.202,.979,-.022,-.017,.019,1);es="Linear";ed="In";};["Right Arm"]={tm=.0669;cf=cfr(.289,-.21,.107,-.802,-.318,-.505,.295,-.947,.126,-.519,-.048,.854);es="Linear";ed="In";};["Head"]={tm=.0669;cf=cfr(0,0,0,.994,.105,.035,-.111,.939,.327,.001,-.329,.944);es="Linear";ed="In";};["Left Arm"]={tm=.0669;cf=cfr(.049,-.31,.042,-.742,.658,.129,-.619,-.746,.246,.258,.103,.961);es="Linear";ed="In";};["Right Leg"]={tm=.0669;cf=cfr(.423,.452,.186,.897,-.227,-.38,.246,.969,.003,.368,-.096,.925);es="Linear";ed="In";};};{tm=1.5;["Torso"]={tm=.0829;cf=cfr(.008,-.448,-.282,.982,-.157,-.101,.094,.882,-.461,.161,.444,.881);es="Linear";ed="In";};["Left Leg"]={tm=.0829;cf=cfr(-.457,.143,-.008,.982,.187,-.002,-.186,.981,-.047,-.007,.046,.999);es="Linear";ed="In";};["Right Arm"]={tm=.0829;cf=cfr(.291,-.204,.107,-.785,-.358,-.505,.341,-.931,.13,-.517,-.07,.853);es="Linear";ed="In";};["Head"]={tm=.2170;cf=cfr(0,0,0,.981,.11,-.16,-.09,.988,.129,.172,-.112,.979);es="Linear";ed="In";};["Left Arm"]={tm=.0829;cf=cfr(-.081,-.319,.021,-.769,.623,.145,-.585,-.777,.232,.257,.094,.962);es="Linear";ed="In";};["Right Leg"]={tm=.0829;cf=cfr(.357,.474,.173,.891,-.221,-.397,.256,.966,.036,.375,-.133,.917);es="Linear";ed="In";};};{tm=1.583;["Torso"]={tm=.1340;cf=cfr(.008,-.448,-.282,.982,-.166,-.092,.105,.878,-.467,.159,.448,.88);es="Linear";ed="In";};["Left Leg"]={tm=.1340;cf=cfr(-.496,.164,-.012,.984,.176,.003,-.176,.984,-.035,-.009,.034,.999);es="Linear";ed="In";};["Right Arm"]={tm=.1340;cf=cfr(.366,-.047,.046,-.824,-.248,-.51,.216,-.969,.121,-.524,-.01,.852);es="Linear";ed="In";};["Left Arm"]={tm=.1340;cf=cfr(-.079,-.229,.028,-.805,.533,.262,-.494,-.846,.201,.329,.032,.944);es="Linear";ed="In";};["Right Leg"]={tm=.1340;cf=cfr(.357,.474,.173,.891,-.221,-.397,.256,.966,.036,.375,-.133,.917);es="Linear";ed="In";};};{tm=1.717;["Torso"]={tm=.0999;cf=cfr(.299,-.448,-.282,.998,.033,.054,-.004,.884,-.467,-.063,.465,.883);es="Linear";ed="In";};["Left Leg"]={tm=.0999;cf=cfr(-.43,.33,-.016,.984,.122,.126,-.135,.986,.094,-.113,-.11,.988);es="Linear";ed="In";};["Right Arm"]={tm=.0999;cf=cfr(.335,.013,.051,-.779,-.251,-.574,.131,-.961,.242,-.613,.114,.782);es="Linear";ed="In";};["Head"]={tm=.0999;cf=cfr(0,0,0,.892,-.435,.126,.226,.668,.709,-.392,-.604,.694);es="Linear";ed="In";};["Left Arm"]={tm=.0999;cf=cfr(-.2,-.16,.013,-.942,.186,.279,-.134,-.972,.195,.307,.147,.94);es="Linear";ed="In";};["Right Leg"]={tm=.0999;cf=cfr(.386,.259,.161,.894,-.307,-.326,.283,.952,-.12,.347,.015,.938);es="Linear";ed="In";};};{tm=1.817;["Torso"]={tm=.1160;cf=cfr(.332,-.448,-.293,.987,.136,.085,-.081,.879,-.469,-.138,.457,.879);es="Linear";ed="In";};["Left Leg"]={tm=.1160;cf=cfr(-.407,.374,-.018,.986,.058,.158,-.085,.982,.169,-.145,-.18,.973);es="Linear";ed="In";};["Right Arm"]={tm=.1160;cf=cfr(.52,.041,.022,-.9,-.218,-.376,.192,-.976,.107,-.39,.024,.92);es="Linear";ed="In";};["Head"]={tm=.0500;cf=cfr(0,0,0,.956,-.287,-.059,.255,.716,.649,-.144,-.636,.758);es="Linear";ed="In";};["Left Arm"]={tm=.1160;cf=cfr(-.3,-.188,.029,-.942,.114,.317,-.085,-.991,.105,.326,.072,.943);es="Linear";ed="In";};["Right Leg"]={tm=.1160;cf=cfr(.358,.175,.157,.888,-.353,-.295,.303,.931,-.202,.346,.09,.934);es="Linear";ed="In";};};{tm=1.867;["Head"]={tm=.0660;cf=cfr(0,0,0,.987,-.158,-.022,.138,.776,.615,-.08,-.61,.788);es="Linear";ed="In";};};{tm=1.933;["Torso"]={tm=.1500;cf=cfr(.386,-.481,-.304,.99,.069,.125,-.006,.895,-.445,-.143,.44,.887);es="Linear";ed="In";};["Left Leg"]={tm=.1500;cf=cfr(-.344,.384,-.024,.987,.083,.139,-.106,.98,.17,-.122,-.182,.976);es="Linear";ed="In";};["Right Arm"]={tm=.1500;cf=cfr(.506,-.023,.026,-.908,-.166,-.386,.146,-.986,.08,-.394,.017,.919);es="Linear";ed="In";};["Head"]={tm=.1500;cf=cfr(0,0,0,.989,-.148,-.008,.131,.846,.517,-.07,-.512,.856);es="Linear";ed="In";};["Left Arm"]={tm=.1500;cf=cfr(-.22,-.168,-.071,-.936,.223,.273,-.219,-.975,.044,.276,-.019,.961);es="Linear";ed="In";};["Right Leg"]={tm=.1500;cf=cfr(.36,.171,.209,.897,-.262,-.356,.204,.96,-.192,.392,.1,.914);es="Linear";ed="In";};};{tm=2.083;["Torso"]={tm=.1339;cf=cfr(.386,-.314,-.333,.997,.037,.066,-.001,.881,-.474,-.076,.473,.878);es="Linear";ed="In";};["Left Leg"]={tm=.1339;cf=cfr(-.34,.392,-.025,.967,.205,.152,-.228,.961,.156,-.114,-.186,.976);es="Linear";ed="In";};["Right Arm"]={tm=.1339;cf=cfr(.49,.059,.028,-.928,-.096,-.361,.101,-.995,.005,-.36,-.032,.933);es="Linear";ed="In";};["Head"]={tm=.1339;cf=cfr(0,0,0,.993,.011,.116,-.071,.852,.519,-.093,-.523,.847);es="Linear";ed="In";};["Left Arm"]={tm=.4499;cf=cfr(-.22,-.168,-.071,-.927,.262,.268,-.254,-.965,.063,.276,-.01,.961);es="Linear";ed="In";};["Right Leg"]={tm=.1339;cf=cfr(.482,.374,.191,.896,-.29,-.336,.275,.957,-.092,.348,-.01,.937);es="Linear";ed="In";};};{tm=2.217;["Torso"]={tm=.0829;cf=cfr(.178,.016,-.241,.996,-.08,.035,.086,.97,-.227,-.016,.23,.973);es="Linear";ed="In";};["Left Leg"]={tm=.0829;cf=cfr(-.354,.288,-.033,.993,.09,-.076,-.07,.971,.228,.095,-.221,.971);es="Linear";ed="In";};["Right Arm"]={tm=.0829;cf=cfr(.316,-.32,.008,-.925,-.019,-.38,.076,-.988,-.135,-.373,-.153,.915);es="Linear";ed="In";};["Head"]={tm=.1829;cf=cfr(0,0,0,.993,.011,.118,-.073,.844,.532,-.094,-.537,.838);es="Linear";ed="In";};["Right Leg"]={tm=.0829;cf=cfr(.386,.284,.123,.932,-.089,-.352,.098,.995,.009,.35,-.043,.936);es="Linear";ed="In";};};{tm=2.3;["Torso"]={tm=.1000;cf=cfr(.037,.078,-.201,.99,-.14,-.018,.138,.989,-.054,.025,.051,.998);es="Linear";ed="In";};["Left Leg"]={tm=.1000;cf=cfr(-.356,.164,-.04,.984,-.076,-.16,.112,.966,.232,.137,-.246,.959);es="Linear";ed="In";};["Right Arm"]={tm=.2330;cf=cfr(.164,-.507,.004,-.883,-.167,-.439,.199,-.98,-.028,-.425,-.112,.898);es="Linear";ed="In";};["Right Leg"]={tm=.1000;cf=cfr(.331,.215,.116,.929,.118,-.35,-.095,.992,.084,.357,-.045,.933);es="Linear";ed="In";};};{tm=2.4;["Torso"]={tm=.0670;cf=cfr(.008,.078,-.201,.993,-.102,-.066,.102,.995,-.008,.066,.001,.998);es="Linear";ed="In";};["Left Leg"]={tm=.0670;cf=cfr(-.354,.07,-.048,.972,-.187,-.14,.211,.96,.185,.1,-.21,.973);es="Linear";ed="In";};["Head"]={tm=.133;cf=cfr(0,0,0,.994,.046,.103,-.054,.995,.081,-.099,-.086,.991);es="Linear";ed="In";};["Right Leg"]={tm=.0670;cf=cfr(.365,.237,.119,.921,.191,-.338,-.15,.978,.144,.358,-.082,.93);es="Linear";ed="In";};};{tm=2.467;["Torso"]={tm=.0659;cf=cfr(-.01,.078,-.189,.998,-.044,-.037,.044,.999,-.006,.037,.004,.999);es="Linear";ed="In";};["Left Leg"]={tm=.0659;cf=cfr(-.406,.046,-.045,.963,-.24,-.121,.262,.939,.224,.06,-.247,.967);es="Linear";ed="In";};["Right Leg"]={tm=.0659;cf=cfr(.38,.213,.085,.923,.186,-.336,-.154,.981,.12,.352,-.059,.934);es="Linear";ed="In";};};{tm=2.533;["Torso"]={tm=.1339;cf=cfr(.008,.038,-.201,.999,-.011,.04,.013,.999,-.036,-.039,.037,.999);es="Linear";ed="In";};["Left Leg"]={tm=.1339;cf=cfr(-.421,.11,-.038,.966,-.243,-.088,.258,.907,.334,-.002,-.345,.939);es="Linear";ed="In";};["Right Arm"]={tm=.2170;cf=cfr(.261,-.504,.006,-.645,-.667,-.373,.697,-.714,.071,-.313,-.214,.925);es="Linear";ed="In";};["Head"]={tm=.2170;cf=cfr(0,0,0,.993,.112,-.028,-.105,.977,.184,.048,-.18,.983);es="Linear";ed="In";};["Left Arm"]={tm=.1339;cf=cfr(-.445,-.136,.296,-.335,.549,.766,-.382,-.822,.422,.861,-.151,.485);es="Linear";ed="In";};["Right Leg"]={tm=.1339;cf=cfr(.396,.148,.054,.926,.176,-.334,-.176,.984,.031,.334,.03,.942);es="Linear";ed="In";};};{tm=2.667;["Torso"]={tm=.0830;cf=cfr(.06,-.465,-.201,.974,.187,.128,-.142,.944,-.296,-.176,.27,.947);es="Linear";ed="In";};["Left Leg"]={tm=.0830;cf=cfr(-.27,.186,.144,.958,-.225,.175,.145,.913,.38,-.246,-.339,.908);es="Linear";ed="In";};["Left Arm"]={tm=.0830;cf=cfr(-.603,.013,.386,.265,.633,.727,-.67,-.421,.611,.693,-.649,.313);es="Linear";ed="In";};["Right Leg"]={tm=.0830;cf=cfr(.428,.018,-.008,.945,.024,-.325,-.071,.989,-.133,.318,.149,.936);es="Linear";ed="In";};};{tm=2.75;["Torso"]={tm=.1169;cf=cfr(.095,-.518,-.207,.965,.249,.083,-.203,.91,-.361,-.166,.332,.929);es="Linear";ed="In";};["Left Leg"]={tm=.1169;cf=cfr(-.232,.148,.09,.94,-.181,.288,.078,.938,.338,-.331,-.295,.896);es="Linear";ed="In";};["Right Arm"]={tm=.1169;cf=cfr(.311,-.496,-.056,-.697,-.528,-.486,.465,-.848,.254,-.546,-.049,.836);es="Linear";ed="In";};["Head"]={tm=.1169;cf=cfr(0,0,0,.927,.115,.356,-.265,.873,.41,-.264,-.474,.84);es="Linear";ed="In";};["Left Arm"]={tm=.1169;cf=cfr(-.643,.039,.363,.224,.738,.637,-.577,-.426,.697,.786,-.523,.33);es="Linear";ed="In";};["Right Leg"]={tm=.1169;cf=cfr(.458,.07,-.011,.936,-.063,-.346,.021,.992,-.125,.351,.109,.93);es="Linear";ed="In";};};{tm=2.867;["Torso"]={tm=.1000;cf=cfr(.145,-.502,-.215,.98,.187,.067,-.147,.909,-.391,-.134,.374,.918);es="Linear";ed="In";};["Left Leg"]={tm=.1000;cf=cfr(-.24,.178,.073,.941,-.092,.325,-.003,.959,.282,-.338,-.267,.903);es="Linear";ed="In";};["Right Arm"]={tm=.1659;cf=cfr(.334,-.388,-.016,-.711,-.475,-.518,.382,-.88,.283,-.591,.003,.807);es="Linear";ed="In";};["Head"]={tm=.1000;cf=cfr(0,0,0,.909,.178,.378,-.291,.919,.267,-.3,-.352,.887);es="Linear";ed="In";};["Left Arm"]={tm=.3159;cf=cfr(-.587,.058,.458,.129,.854,.505,-.429,-.41,.804,.894,-.321,.313);es="Linear";ed="In";};["Right Leg"]={tm=.1000;cf=cfr(.461,.109,.045,.907,-.088,-.412,.047,.993,-.109,.419,.079,.905);es="Linear";ed="In";};};{tm=2.967;["Torso"]={tm=.1000;cf=cfr(.055,-.282,-.215,1,-.014,.001,.013,.958,-.285,.003,.285,.958);es="Linear";ed="In";};["Left Leg"]={tm=.1000;cf=cfr(-.293,.142,.05,.97,-.072,.233,.031,.984,.175,-.242,-.163,.957);es="Linear";ed="In";};["Head"]={tm=.1000;cf=cfr(0,0,0,.974,.206,-.09,-.167,.931,.324,.151,-.3,.942);es="Linear";ed="In";};["Right Leg"]={tm=.1000;cf=cfr(.548,.211,.035,.889,.115,-.444,-.073,.991,.111,.453,-.067,.889);es="Linear";ed="In";};};{tm=3.033;["Right Arm"]={tm=.1499;cf=cfr(-.017,-.299,.27,-.261,-.656,-.708,.651,-.661,.372,-.712,-.364,.6);es="Linear";ed="In";};};{tm=3.067;["Torso"]={tm=.1159;cf=cfr(-.223,-.172,-.215,.967,-.185,-.175,.149,.969,-.198,.206,.166,.964);es="Linear";ed="In";};["Left Leg"]={tm=.1159;cf=cfr(-.37,.012,.018,.989,-.091,.117,.083,.994,.07,-.123,-.06,.991);es="Linear";ed="In";};["Head"]={tm=.1159;cf=cfr(0,0,0,.951,.213,-.223,-.126,.928,.351,.282,-.306,.909);es="Linear";ed="In";};["Right Leg"]={tm=.1159;cf=cfr(.543,.338,.018,.85,.289,-.441,-.164,.939,.302,.501,-.184,.846);es="Linear";ed="In";};};{tm=3.183;["Torso"]={tm=.1340;cf=cfr(-.284,-.095,-.215,.923,-.295,-.246,.273,.954,-.122,.271,.046,.962);es="Linear";ed="In";};["Left Leg"]={tm=.1340;cf=cfr(-.368,-.051,-.002,.987,-.123,.099,.123,.992,.004,-.099,.008,.995);es="Linear";ed="In";};["Right Arm"]={tm=.1340;cf=cfr(.181,.096,.22,-.48,-.321,-.817,.813,-.514,-.276,-.331,-.796,.507);es="Linear";ed="In";};["Head"]={tm=.1340;cf=cfr(0,0,0,.943,-.009,-.332,.1,.961,.256,.317,-.275,.908);es="Linear";ed="In";};["Left Arm"]={tm=.1340;cf=cfr(-.542,-.075,.239,-.791,-.009,.612,.072,-.994,.078,.608,.106,.787);es="Linear";ed="In";};["Right Leg"]={tm=.1340;cf=cfr(.398,.35,.079,.79,.368,-.49,-.199,.91,.364,.58,-.19,.792);es="Linear";ed="In";};};{tm=3.317;["Torso"]={tm=.133;cf=cfr(-.294,-.015,-.215,.962,-.193,-.191,.194,.981,-.017,.19,-.02,.982);es="Linear";ed="In";};["Left Leg"]={tm=.133;cf=cfr(-.372,-.042,.061,.969,-.235,.074,.228,.969,.096,-.095,-.076,.993);es="Linear";ed="In";};["Right Arm"]={tm=.133;cf=cfr(.221,.169,.262,-.456,-.267,-.849,.738,-.647,-.192,-.498,-.714,.492);es="Linear";ed="In";};["Head"]={tm=.2829;cf=cfr(0,0,0,.985,.114,-.128,-.076,.96,.27,.153,-.256,.954);es="Linear";ed="In";};["Left Arm"]={tm=.133;cf=cfr(-.554,-.024,.307,-.667,.047,.744,-.035,-.999,.032,.744,-.005,.668);es="Linear";ed="In";};["Right Leg"]={tm=.133;cf=cfr(.468,.233,.024,.809,.412,-.42,-.3,.903,.308,.506,-.123,.854);es="Linear";ed="In";};};{tm=3.45;["Torso"]={tm=.1499;cf=cfr(-.329,-.122,-.224,.951,-.228,-.211,.223,.974,-.047,.216,-.003,.976);es="Linear";ed="In";};["Left Leg"]={tm=.1499;cf=cfr(-.287,-.047,.068,.985,-.171,-.028,.173,.983,.058,.017,-.062,.998);es="Linear";ed="In";};["Right Arm"]={tm=.1499;cf=cfr(.283,-.047,.287,-.376,-.408,-.832,.53,-.831,.168,-.76,-.377,.529);es="Linear";ed="In";};["Left Arm"]={tm=.1499;cf=cfr(-.523,-.087,.153,-.71,.374,.597,-.312,-.927,.21,.632,-.037,.774);es="Linear";ed="In";};["Right Leg"]={tm=.1499;cf=cfr(.337,.285,.027,.79,.378,-.483,-.253,.918,.305,.558,-.119,.821);es="Linear";ed="In";};};{tm=3.6;["Torso"]={tm=.1169;cf=cfr(-.374,-.441,-.339,.835,-.522,-.173,.455,.833,-.316,.309,.185,.933);es="Linear";ed="In";};["Left Leg"]={tm=.1169;cf=cfr(-.461,.063,-.021,.976,.118,-.183,-.104,.991,.085,.191,-.064,.98);es="Linear";ed="In";};["Right Arm"]={tm=.1169;cf=cfr(.227,-.006,.302,.204,-.957,-.206,.524,-.07,.849,-.827,-.281,.487);es="Linear";ed="In";};["Head"]={tm=.2330;cf=cfr(0,0,0,.998,-.043,.037,.014,.815,.58,-.055,-.578,.814);es="Linear";ed="In";};["Left Arm"]={tm=.1169;cf=cfr(-.272,-.006,.061,-.505,.766,.397,-.614,-.643,.458,.606,-.013,.795);es="Linear";ed="In";};["Right Leg"]={tm=.1169;cf=cfr(.323,.623,.101,.798,.116,-.592,.096,.944,.315,.595,-.308,.742);es="Linear";ed="In";};};{tm=3.717;["Torso"]={tm=.1160;cf=cfr(-.381,-.48,-.324,.725,-.684,-.076,.617,.696,-.367,.305,.219,.927);es="Linear";ed="In";};["Left Leg"]={tm=.1160;cf=cfr(-.591,.12,-.033,.931,.261,-.257,-.238,.964,.119,.278,-.05,.959);es="Linear";ed="In";};["Right Arm"]={tm=.2829;cf=cfr(.231,.068,.325,.039,-.933,-.357,.693,-.232,.682,-.719,-.274,.638);es="Linear";ed="In";};["Left Arm"]={tm=.1160;cf=cfr(-.376,.143,-.122,-.596,.782,.183,-.696,-.617,.367,.4,.092,.912);es="Linear";ed="In";};["Right Leg"]={tm=.1160;cf=cfr(.199,.581,.149,.78,.07,-.622,.094,.969,.227,.619,-.236,.75);es="Linear";ed="In";};};{tm=3.833;["Torso"]={tm=.1669;cf=cfr(-.267,-.364,-.335,.779,-.62,-.093,.589,.775,-.228,.214,.123,.969);es="Linear";ed="In";};["Left Leg"]={tm=.1669;cf=cfr(-.608,.178,-.138,.945,.059,-.322,-.006,.986,.164,.327,-.153,.932);es="Linear";ed="In";};["Head"]={tm=.1669;cf=cfr(0,0,0,.95,.141,.279,-.226,.926,.303,-.216,-.351,.911);es="Linear";ed="In";};["Left Arm"]={tm=.1669;cf=cfr(-.291,.027,-.121,-.297,.955,-.014,-.892,-.272,.361,.341,.119,.933);es="Linear";ed="In";};["Right Leg"]={tm=.0669;cf=cfr(.206,.526,.161,.774,.175,-.608,-.006,.963,.27,.633,-.205,.746);es="Linear";ed="In";};};{tm=3.9;["Right Leg"]={tm=.1000;cf=cfr(.206,.53,.159,.783,.12,-.611,.003,.981,.195,.623,-.154,.767);es="Linear";ed="In";};};{tm=4;["Torso"]={tm=.1169;cf=cfr(-.082,-.217,-.394,.876,-.476,.072,.478,.843,-.245,.056,.249,.967);es="Linear";ed="In";};["Left Leg"]={tm=.1169;cf=cfr(-.746,.408,-.232,.96,.074,-.27,.012,.952,.305,.28,-.296,.913);es="Linear";ed="In";};["Right Arm"]={tm=.1169;cf=cfr(.257,.055,.207,-.495,-.394,-.774,.422,-.888,.182,-.759,-.236,.606);es="Linear";ed="In";};["Head"]={tm=.1169;cf=cfr(0,0,0,.791,.187,.582,-.461,.809,.366,-.402,-.558,.726);es="Linear";ed="In";};["Left Arm"]={tm=.2329;cf=cfr(-.143,.079,-.072,-.188,.978,-.09,-.979,-.179,.097,.078,.106,.991);es="Linear";ed="In";};["Right Leg"]={tm=.1169;cf=cfr(.224,.443,.17,.79,.026,-.613,.054,.992,.112,.611,-.121,.782);es="Linear";ed="In";};};{tm=4.117;["Torso"]={tm=.1159;cf=cfr(-.074,-.247,-.348,.954,-.298,.023,.294,.921,-.256,.055,.251,.966);es="Linear";ed="In";};["Left Leg"]={tm=.1159;cf=cfr(-.789,.293,-.079,.978,-.092,-.185,.129,.971,.201,.161,-.221,.962);es="Linear";ed="In";};["Right Arm"]={tm=.1159;cf=cfr(.143,.037,.078,-.449,-.594,-.668,.547,-.773,.32,-.706,-.222,.672);es="Linear";ed="In";};["Head"]={tm=.1159;cf=cfr(0,0,0,.99,-.062,.125,-.012,.854,.52,-.139,-.517,.845);es="Linear";ed="In";};["Right Leg"]={tm=.1159;cf=cfr(.231,.407,.175,.777,-.07,-.625,.144,.987,.069,.612,-.144,.777);es="Linear";ed="In";};};{tm=4.233;["Torso"]={tm=.1340;cf=cfr(-.1,-.217,-.26,.971,-.214,-.105,.188,.959,-.211,.145,.185,.972);es="Linear";ed="In";};["Left Leg"]={tm=.1340;cf=cfr(-.664,.06,-.045,.977,-.163,-.14,.173,.983,.062,.127,-.085,.988);es="Linear";ed="In";};["Right Arm"]={tm=.3170;cf=cfr(.279,.045,.11,-.655,-.555,-.513,.578,-.805,.132,-.486,-.21,.848);es="Linear";ed="In";};["Head"]={tm=.1340;cf=cfr(0,0,0,.993,.069,.091,-.103,.884,.456,-.048,-.462,.885);es="Linear";ed="In";};["Left Arm"]={tm=.1340;cf=cfr(-.143,.079,-.072,.348,.88,.324,-.926,.268,.265,.146,-.392,.908);es="Linear";ed="In";};["Right Leg"]={tm=.1340;cf=cfr(.199,.411,.172,.765,-.064,-.641,.214,.964,.159,.608,-.258,.751);es="Linear";ed="In";};};{tm=4.367;["Torso"]={tm=.1829;cf=cfr(-.067,-.288,-.241,.996,-.005,-.087,-.01,.985,-.171,.087,.171,.981);es="Linear";ed="In";};["Left Leg"]={tm=.1829;cf=cfr(-.43,.027,-.047,.971,-.237,.041,.23,.964,.131,-.07,-.117,.991);es="Linear";ed="In";};["Head"]={tm=.0830;cf=cfr(0,0,0,.986,.147,.081,-.167,.824,.542,.013,-.548,.837);es="Linear";ed="In";};["Left Arm"]={tm=.1829;cf=cfr(-.151,.097,.088,-.016,.956,.294,-.905,-.139,.403,.426,-.259,.867);es="Linear";ed="In";};["Right Leg"]={tm=.1829;cf=cfr(.38,.386,.11,.94,-.11,-.322,.182,.962,.205,.287,-.252,.924);es="Linear";ed="In";};};{tm=4.45;["Head"]={tm=.0999;cf=cfr(0,0,0,.974,-.187,-.125,.225,.795,.563,-.006,-.577,.817);es="Linear";ed="In";};};{tm=4.55;["Torso"]={tm=.1669;cf=cfr(-.05,-.543,-.216,.999,.017,-.029,-.027,.912,-.409,.019,.409,.912);es="Linear";ed="In";};["Left Leg"]={tm=.1669;cf=cfr(-.455,.116,-.005,.994,-.045,.099,.027,.984,.175,-.105,-.171,.98);es="Linear";ed="In";};["Right Arm"]={tm=.0830;cf=cfr(.448,.394,.058,-.725,-.319,-.61,.234,-.948,.218,-.648,.016,.761);es="Linear";ed="In";};["Head"]={tm=.0830;cf=cfr(0,0,0,.999,.033,-.018,-.013,.759,.651,.035,-.65,.759);es="Linear";ed="In";};["Left Arm"]={tm=.1669;cf=cfr(-.2,-.09,.289,-.683,.561,.469,-.395,-.823,.409,.615,.094,.783);es="Linear";ed="In";};["Right Leg"]={tm=.1669;cf=cfr(.437,.382,.021,.914,-.331,-.234,.372,.914,.163,.16,-.236,.958);es="Linear";ed="In";};};{tm=4.633;["Right Arm"]={tm=.0839;cf=cfr(.439,.326,.047,-.596,-.547,-.588,.243,-.82,.518,-.766,.166,.621);es="Linear";ed="In";};["Head"]={tm=.0839;cf=cfr(0,0,0,.961,-.259,-.098,.259,.719,.645,-.096,-.645,.758);es="Linear";ed="In";};};{tm=4.717;["Torso"]={tm=.1830;cf=cfr(-.05,-.724,-.211,1,.026,-.012,-.028,.927,-.374,.001,.374,.927);es="Linear";ed="In";};["Left Leg"]={tm=.1830;cf=cfr(-.446,.043,-.002,.979,-.19,.069,.173,.965,.199,-.104,-.183,.978);es="Linear";ed="In";};["Right Arm"]={tm=.1000;cf=cfr(.429,.258,.035,-.634,-.579,-.512,.373,-.809,.454,-.678,.097,.729);es="Linear";ed="In";};["Head"]={tm=.1000;cf=cfr(0,0,0,.996,.088,.034,-.089,.747,.659,.033,-.659,.751);es="Linear";ed="In";};["Left Arm"]={tm=.1000;cf=cfr(-.248,-.216,.384,-.664,.573,.481,-.201,-.756,.623,.72,.318,.617);es="Linear";ed="In";};["Right Leg"]={tm=.1830;cf=cfr(.456,.335,.021,.958,-.206,-.2,.241,.956,.168,.156,-.209,.965);es="Linear";ed="In";};};{tm=4.817;["Right Arm"]={tm=.0830;cf=cfr(.337,.223,.038,-.629,-.58,-.518,.359,-.808,.468,-.689,.108,.717);es="Linear";ed="In";};["Head"]={tm=.0830;cf=cfr(0,0,0,.944,-.295,-.15,.32,.701,.637,-.083,-.65,.756);es="Linear";ed="In";};["Left Arm"]={tm=.0830;cf=cfr(-.25,-.216,.329,-.667,.499,.553,-.186,-.83,.525,.722,.248,.646);es="Linear";ed="In";};};{tm=4.9;["Torso"]={tm=.0999;cf=cfr(-.05,-.762,-.238,.999,.037,.007,-.032,.934,-.355,-.019,.355,.935);es="Linear";ed="In";};["Left Leg"]={tm=.0999;cf=cfr(-.455,.062,-.001,.962,-.256,.096,.23,.947,.226,-.149,-.195,.969);es="Linear";ed="In";};["Right Arm"]={tm=.0999;cf=cfr(.241,.187,.042,-.64,-.598,-.483,.431,-.8,.419,-.637,.06,.769);es="Linear";ed="In";};["Head"]={tm=.0999;cf=cfr(0,0,0,.99,.004,-.14,.093,.727,.681,.104,-.687,.719);es="Linear";ed="In";};["Left Arm"]={tm=.0999;cf=cfr(-.25,-.216,.325,-.648,.44,.622,-.132,-.869,.477,.75,.227,.621);es="Linear";ed="In";};["Right Leg"]={tm=.0999;cf=cfr(.455,.336,.021,.968,-.173,-.184,.202,.968,.149,.152,-.181,.972);es="Linear";ed="In";};};{tm=5;["Torso"]={tm=0;cf=cfr(-.066,-.521,-.238,1,-.002,-.003,.001,.965,-.264,.004,.264,.965);es="Linear";ed="In";};["Left Leg"]={tm=0;cf=cfr(-.444,.108,-.003,.969,-.244,.048,.229,.951,.207,-.096,-.19,.977);es="Linear";ed="In";};["Right Arm"]={tm=0;cf=cfr(.19,.173,.089,-.523,-.768,-.37,.638,-.641,.426,-.564,-.013,.825);es="Linear";ed="In";};["Head"]={tm=0;cf=cfr(0,0,0,.984,.025,-.179,.108,.712,.693,.145,-.701,.698);es="Linear";ed="In";};["Left Arm"]={tm=0;cf=cfr(-.176,-.315,.354,-.616,.583,.53,-.241,-.78,.577,.75,.228,.621);es="Linear";ed="In";};["Right Leg"]={tm=0;cf=cfr(.453,.342,.021,.97,-.154,-.19,.188,.966,.178,.156,-.208,.966);es="Linear";ed="In";};};}