-- // converted using mech's animoduler
local cfr = CFrame.new

return {{tm=0;["step"]="";["Torso"]={tm=.1;cf=cfr(.064,-.631,-.213,.977,.202,-.068,-.209,.843,-.496,-.043,.499,.866);es="Linear";ed="In";};["Left Leg"]={tm=.1;cf=cfr(-.585,.369,.003,.538,.811,.23,-.82,.566,-.078,-.193,-.147,.97);es="Linear";ed="In";};["Right Leg"]={tm=.1;cf=cfr(-.028,-.097,.095,.851,.478,-.218,-.423,.869,.256,.312,-.125,.942);es="Linear";ed="In";};["Head"]={tm=.2;cf=cfr(0,0,0,.973,-.219,-.074,.228,.858,.461,-.037,-.465,.884);es="Linear";ed="In";};["Right Arm"]={tm=.1;cf=cfr(.636,.029,.051,-.56,-.827,-.044,.547,-.41,.729,-.622,.384,.683);es="Linear";ed="In";};["Left Arm"]={tm=.2;cf=cfr(-.699,.09,.071,-.246,.923,.295,-.518,-.383,.765,.819,.036,.573);es="Linear";ed="In";};};{tm=.1;["Torso"]={tm=.1;cf=cfr(.059,-.68,-.291,.972,.224,-.072,-.231,.855,-.465,-.042,.468,.882);es="Linear";ed="In";};["Left Leg"]={tm=.1;cf=cfr(-.499,.474,.047,.837,.495,.233,-.492,.867,-.075,-.239,-.052,.97);es="Linear";ed="In";};["Right Leg"]={tm=.1;cf=cfr(.142,.033,.064,.853,.472,-.222,-.418,.873,.252,.312,-.122,.942);es="Linear";ed="In";};["Right Arm"]={tm=.1;cf=cfr(.652,.006,.05,-.594,-.796,-.115,.478,-.465,.745,-.647,.388,.657);es="Linear";ed="In";};};{tm=.2;["Torso"]={tm=.0999;cf=cfr(.043,-.729,-.224,.989,.131,-.069,-.147,.829,-.54,-.014,.544,.839);es="Linear";ed="In";};["Left Leg"]={tm=.0999;cf=cfr(-.28,.279,.024,.924,.323,.205,-.303,.945,-.121,-.233,.049,.971);es="Linear";ed="In";};["Right Leg"]={tm=.0999;cf=cfr(.643,.414,.026,.95,.176,-.259,-.142,.979,.146,.279,-.102,.955);es="Linear";ed="In";};["Head"]={tm=.0999;cf=cfr(0,0,0,.978,-.196,-.078,.208,.836,.507,-.034,-.512,.858);es="Linear";ed="In";};["Right Arm"]={tm=.0999;cf=cfr(.669,-.017,.05,-.557,-.794,-.244,.444,-.533,.72,-.702,.293,.649);es="Linear";ed="In";};["Left Arm"]={tm=.0999;cf=cfr(-.699,.09,.071,-.337,.854,.396,-.409,-.511,.756,.848,.092,.522);es="Linear";ed="In";};};{tm=.3;["Torso"]={tm=.1000;cf=cfr(-.076,-.68,-.202,.998,-.05,-.039,.022,.851,-.525,.059,.523,.85);es="Linear";ed="In";};["Left Leg"]={tm=.1000;cf=cfr(.11,-.017,.019,.94,.003,.342,.019,.998,-.063,-.341,.066,.938);es="Linear";ed="In";};["Right Leg"]={tm=.1000;cf=cfr(.628,.642,-.004,.874,-.422,-.24,.429,.903,-.027,.229,-.079,.97);es="Linear";ed="In";};["Head"]={tm=.1000;cf=cfr(0,0,0,.999,-.036,.018,.022,.866,.499,-.033,-.498,.866);es="Linear";ed="In";};["Right Arm"]={tm=.1000;cf=cfr(.559,-.052,.043,-.445,-.852,-.275,.473,-.484,.736,-.76,.198,.619);es="Linear";ed="In";};["Left Arm"]={tm=.1000;cf=cfr(-.699,.09,.071,-.402,.867,.295,-.366,-.448,.816,.839,.22,.497);es="Linear";ed="In";};};{tm=.4;["step"]="";["Torso"]={tm=.0999;cf=cfr(-.109,-.631,-.213,.998,-.069,-.008,.054,.848,-.527,.043,.525,.85);es="Linear";ed="In";};["Left Leg"]={tm=.0999;cf=cfr(-.002,-.092,.046,.888,-.392,.241,.381,.92,.091,-.257,.011,.966);es="Linear";ed="In";};["Right Leg"]={tm=.0999;cf=cfr(.626,.36,-.001,.525,-.83,-.189,.836,.545,-.069,.16,-.121,.98);es="Linear";ed="In";};["Head"]={tm=.1999;cf=cfr(0,0,0,1,-.027,.008,.02,.879,.476,-.019,-.476,.88);es="Linear";ed="In";};["Right Arm"]={tm=.1999;cf=cfr(.636,.029,.051,-.394,-.887,-.241,.458,-.417,.785,-.797,.199,.57);es="Linear";ed="In";};["Left Arm"]={tm=.1999;cf=cfr(-.699,.09,.071,-.392,.89,.233,-.373,-.385,.844,.841,.244,.482);es="Linear";ed="In";};};{tm=.5;["Torso"]={tm=.0999;cf=cfr(-.059,-.646,-.311,.999,-.027,.03,.039,.847,-.53,-.011,.53,.848);es="Linear";ed="In";};["Left Leg"]={tm=.0999;cf=cfr(-.287,.021,.08,.834,-.491,.25,.477,.871,.121,-.277,.018,.961);es="Linear";ed="In";};["Right Leg"]={tm=.0999;cf=cfr(.391,.357,.021,.775,-.608,-.173,.599,.794,-.108,.203,-.02,.979);es="Linear";ed="In";};};{tm=.6;["Torso"]={tm=.0999;cf=cfr(-.031,-.661,-.247,1,-.001,-.017,-.009,.829,-.559,.014,.559,.829);es="Linear";ed="In";};["Left Leg"]={tm=.0999;cf=cfr(-.62,.488,.103,.96,-.035,.277,.042,.999,-.022,-.276,.033,.961);es="Linear";ed="In";};["Right Leg"]={tm=.0999;cf=cfr(.234,.226,.043,.896,-.383,-.223,.39,.921,-.014,.21,-.075,.975);es="Linear";ed="In";};["Head"]={tm=.2000;cf=cfr(0,0,0,.998,-.065,-.019,.064,.816,.574,-.022,-.574,.819);es="Linear";ed="In";};["Right Arm"]={tm=.2000;cf=cfr(.554,-.047,.043,-.492,-.839,-.232,.489,-.486,.724,-.721,.243,.649);es="Linear";ed="In";};["Left Arm"]={tm=.2000;cf=cfr(-.699,.09,.071,-.353,.879,.321,-.417,-.455,.787,.838,.144,.527);es="Linear";ed="In";};};{tm=.7;["Torso"]={tm=.1000;cf=cfr(.034,-.646,-.182,.991,.115,-.063,-.131,.847,-.515,-.006,.519,.855);es="Linear";ed="In";};["Left Leg"]={tm=.1000;cf=cfr(-.62,.486,.073,.915,.338,.22,-.314,.939,-.136,-.253,.055,.966);es="Linear";ed="In";};["Right Leg"]={tm=.1000;cf=cfr(.118,.039,.068,.965,.145,-.22,-.119,.985,.126,.235,-.096,.967);es="Linear";ed="In";};};{tm=.8;["Torso"]={tm=0;cf=cfr(.064,-.631,-.213,.977,.202,-.068,-.209,.843,-.496,-.043,.499,.866);es="Linear";ed="In";};["Left Leg"]={tm=0;cf=cfr(-.585,.369,.003,.538,.811,.23,-.82,.566,-.078,-.193,-.147,.97);es="Linear";ed="In";};["Right Leg"]={tm=0;cf=cfr(-.028,-.097,.095,.851,.478,-.218,-.423,.869,.256,.312,-.125,.942);es="Linear";ed="In";};["Head"]={tm=0;cf=cfr(0,0,0,.973,-.219,-.074,.228,.858,.461,-.037,-.465,.884);es="Linear";ed="In";};["Right Arm"]={tm=0;cf=cfr(.636,.029,.051,-.56,-.827,-.044,.547,-.41,.729,-.622,.384,.683);es="Linear";ed="In";};["Left Arm"]={tm=0;cf=cfr(-.699,.09,.071,-.246,.923,.295,-.518,-.383,.765,.819,.036,.573);es="Linear";ed="In";};};}