-- // converted using mech's animoduler
local cfr = CFrame.new

return {{tm=0;["Torso"]={tm=.1;cf=cfr(.073,.515,.019,.692,.721,.028,-.714,.69,-.115,-.102,.06,.993);es="Linear";ed="In";};["Left Leg"]={tm=.1;cf=cfr(.121,.136,.193,.462,.194,.865,-.45,.892,.04,-.764,-.408,.5);es="Linear";ed="In";};["Right Leg"]={tm=.1;cf=cfr(.369,-.14,.059,.708,.344,.617,-.517,.847,.12,-.481,-.404,.778);es="Linear";ed="In";};["Head"]={tm=.1;cf=cfr(0,0,0,.682,-.547,-.485,.642,.765,.041,.349,-.34,.873);es="Linear";ed="In";};["Left Arm"]={tm=.2;cf=cfr(-.14,-.133,.197,.501,.76,.414,-.54,-.1,.836,.677,-.642,.36);es="Linear";ed="In";};["Right Arm"]={tm=.2;cf=cfr(-.017,-.114,.125,.7,-.136,.701,.15,.988,.041,-.698,.077,.712);es="Linear";ed="In";};};{tm=.1;["Torso"]={tm=.1;cf=cfr(.114,.459,-.101,.743,.668,.04,-.658,.74,-.141,-.124,.079,.989);es="Linear";ed="In";};["Left Leg"]={tm=.1;cf=cfr(.118,.191,.289,.355,-.006,.935,-.014,1,.011,-.935,-.017,.355);es="Linear";ed="In";};["Right Leg"]={tm=.1;cf=cfr(.404,-.053,.064,.636,.538,.553,-.703,.699,.128,-.318,-.47,.823);es="Linear";ed="In";};["Head"]={tm=.1;cf=cfr(0,0,0,.735,-.511,-.447,.636,.748,.189,.238,-.423,.874);es="Linear";ed="In";};};{tm=.2;["Torso"]={tm=.0999;cf=cfr(.155,.599,-.064,.793,.609,.017,-.603,.788,-.127,-.091,.09,.992);es="Linear";ed="In";};["Left Leg"]={tm=.0999;cf=cfr(.261,-.046,.253,.363,-.177,.915,.327,.944,.053,-.873,.279,.4);es="Linear";ed="In";};["Right Leg"]={tm=.0999;cf=cfr(.737,.229,-.09,.854,.348,.387,-.395,.917,.047,-.338,-.193,.921);es="Linear";ed="In";};["Head"]={tm=.0999;cf=cfr(0,0,0,.806,-.532,-.26,.571,.814,.104,.156,-.232,.96);es="Linear";ed="In";};["Left Arm"]={tm=.2;cf=cfr(-.12,-.135,.233,.336,.866,.371,-.578,-.122,.807,.743,-.486,.46);es="Linear";ed="In";};["Right Arm"]={tm=.2;cf=cfr(.015,-.04,.04,.921,.129,.368,-.116,.992,-.058,-.373,.011,.928);es="Linear";ed="In";};};{tm=.3;["Torso"]={tm=.1000;cf=cfr(.055,.682,-.035,.854,.519,-.031,-.519,.848,-.108,-.03,.108,.994);es="Linear";ed="In";};["Left Leg"]={tm=.1000;cf=cfr(.446,-.179,.047,.497,-.368,.786,.487,.868,.099,-.718,.333,.611);es="Linear";ed="In";};["Right Leg"]={tm=.1000;cf=cfr(.724,.346,-.126,.978,-.064,.197,.066,.998,-.004,-.196,.017,.98);es="Linear";ed="In";};["Head"]={tm=.1000;cf=cfr(0,0,0,.852,-.522,-.042,.519,.829,.209,-.075,-.2,.977);es="Linear";ed="In";};};{tm=.4;["step"]="";["Torso"]={tm=.0999;cf=cfr(-.012,.741,-.141,.877,.481,-.024,-.48,.87,-.111,-.032,.109,.994);es="Linear";ed="In";};["Left Leg"]={tm=.0999;cf=cfr(.537,-.237,-.061,.473,-.654,.59,.738,.66,.14,-.481,.37,.795);es="Linear";ed="In";};["Right Leg"]={tm=.0999;cf=cfr(.839,-.048,-.175,.9,-.429,.079,.431,.849,-.307,.065,.31,.948);es="Linear";ed="In";};["Head"]={tm=.1999;cf=cfr(0,0,0,.867,-.481,-.128,.498,.83,.252,-.015,-.283,.959);es="Linear";ed="In";};["Left Arm"]={tm=.1999;cf=cfr(-.1,-.137,.27,.213,.943,.258,-.503,-.12,.856,.838,-.312,.448);es="Linear";ed="In";};["Right Arm"]={tm=.0999;cf=cfr(-.206,-.06,-.029,.941,.335,-.04,-.336,.941,-.025,.029,.037,.999);es="Linear";ed="In";};};{tm=.5;["Torso"]={tm=.0999;cf=cfr(-.088,.712,-.145,.838,.544,-.028,-.541,.825,-.164,-.067,.153,.986);es="Linear";ed="In";};["Left Leg"]={tm=.0999;cf=cfr(.433,-.161,.131,.445,-.545,.711,.723,.686,.073,-.527,.482,.7);es="Linear";ed="In";};["Right Leg"]={tm=.0999;cf=cfr(.921,.128,-.22,.96,-.19,.205,.213,.972,-.099,-.181,.138,.974);es="Linear";ed="In";};["Right Arm"]={tm=.0999;cf=cfr(-.088,-.037,-.013,.984,.177,-.007,-.177,.982,-.067,-.005,.067,.998);es="Linear";ed="In";};};{tm=.6;["Torso"]={tm=.0999;cf=cfr(-.032,.571,-.07,.796,.605,-.032,-.604,.788,-.119,-.047,.114,.992);es="Linear";ed="In";};["Left Leg"]={tm=.0999;cf=cfr(-.017,-.141,.301,.616,-.503,.606,.626,.78,.011,-.478,.372,.795);es="Linear";ed="In";};["Right Leg"]={tm=.0999;cf=cfr(.755,.02,-.176,.909,.076,.409,-.118,.99,.079,-.399,-.12,.909);es="Linear";ed="In";};["Head"]={tm=.0999;cf=cfr(0,0,0,.776,-.492,-.395,.569,.816,.101,.273,-.303,.913);es="Linear";ed="In";};["Left Arm"]={tm=.2000;cf=cfr(-.093,-.137,.269,.347,.886,.306,-.489,-.108,.866,.8,-.45,.396);es="Linear";ed="In";};["Right Arm"]={tm=.2000;cf=cfr(-.047,-.031,.088,.947,.006,.322,.004,1,-.029,-.322,.028,.946);es="Linear";ed="In";};};{tm=.7;["Torso"]={tm=.1000;cf=cfr(.021,.557,.01,.747,.665,-.002,-.664,.745,-.065,-.042,.05,.998);es="Linear";ed="In";};["Left Leg"]={tm=.1000;cf=cfr(-.067,.2,.43,.617,-.199,.761,.226,.971,.07,-.754,.129,.645);es="Linear";ed="In";};["Right Leg"]={tm=.1000;cf=cfr(.501,-.11,-.056,.85,.311,.426,-.387,.917,.102,-.358,-.251,.899);es="Linear";ed="In";};["Head"]={tm=.1000;cf=cfr(0,0,0,.722,-.509,-.469,.586,.81,.023,.368,-.291,.883);es="Linear";ed="In";};};{tm=.8;["step"]="";["Torso"]={tm=0;cf=cfr(.073,.515,.019,.692,.721,.028,-.714,.69,-.115,-.102,.06,.993);es="Linear";ed="In";};["Left Leg"]={tm=0;cf=cfr(.121,.136,.193,.462,.194,.865,-.45,.892,.04,-.764,-.408,.5);es="Linear";ed="In";};["Right Leg"]={tm=0;cf=cfr(.369,-.14,.059,.708,.344,.617,-.517,.847,.12,-.481,-.404,.778);es="Linear";ed="In";};["Head"]={tm=0;cf=cfr(0,0,0,.682,-.547,-.485,.642,.765,.041,.349,-.34,.873);es="Linear";ed="In";};["Left Arm"]={tm=0;cf=cfr(-.14,-.133,.197,.501,.76,.414,-.54,-.1,.836,.677,-.642,.36);es="Linear";ed="In";};["Right Arm"]={tm=0;cf=cfr(-.017,-.114,.125,.7,-.136,.701,.15,.988,.041,-.698,.077,.712);es="Linear";ed="In";};};}