-- // converted using mech's animoduler
local cfr = CFrame.new

return {{tm=0;["Torso"]={tm=.1;cf=cfr(-.055,-.093,-.219,.963,-.259,.073,.266,.875,-.405,.041,.41,.911);es="Linear";ed="In";};["Left Leg"]={tm=.1;cf=cfr(-.483,.096,.088,.988,-.013,.152,.007,.999,.042,-.153,-.04,.987);es="Linear";ed="In";};["Right Leg"]={tm=.1;cf=cfr(.385,.182,.067,.801,.446,-.399,-.46,.886,.066,.383,.13,.914);es="Linear";ed="In";};["Head"]={tm=.2;cf=cfr(0,0,0,.959,.225,.172,-.268,.916,.299,-.09,-.333,.939);es="Linear";ed="In";};["Left Arm"]={tm=.1;cf=cfr(-.05,-.224,.132,.002,.792,-.61,-.716,.427,.553,.698,.436,.568);es="Linear";ed="In";};["Right Arm"]={tm=.1;cf=cfr(.477,.034,.289,.129,-.93,-.345,.327,-.289,.9,-.936,-.229,.267);es="Linear";ed="In";};};{tm=.1;["Torso"]={tm=.1;cf=cfr(-.063,-.118,-.334,.95,-.307,.06,.297,.827,-.478,.097,.472,.876);es="Linear";ed="In";};["Left Leg"]={tm=.1;cf=cfr(-.273,-.067,.087,.974,-.179,.137,.163,.979,.123,-.156,-.098,.983);es="Linear";ed="In";};["Right Leg"]={tm=.1;cf=cfr(.53,.788,.047,.949,-.064,-.309,.094,.992,.082,.301,-.107,.948);es="Linear";ed="In";};["Left Arm"]={tm=.1;cf=cfr(-.068,-.329,.162,-.061,.795,-.603,-.768,.349,.537,.638,.496,.589);es="Linear";ed="In";};["Right Arm"]={tm=.1;cf=cfr(.458,.032,.339,.018,-.871,-.491,.236,-.473,.848,-.971,-.131,.197);es="Linear";ed="In";};};{tm=.2;["step"]="";["Torso"]={tm=.0999;cf=cfr(-.072,-.027,-.45,.934,-.355,.048,.323,.776,-.541,.155,.521,.839);es="Linear";ed="In";};["Left Leg"]={tm=.0999;cf=cfr(-.09,-.051,.075,.957,-.268,.112,.249,.955,.162,-.15,-.127,.98);es="Linear";ed="In";};["Right Leg"]={tm=.0999;cf=cfr(.659,.921,-.037,.78,-.542,-.313,.62,.735,.274,.081,-.407,.91);es="Linear";ed="In";};["Head"]={tm=.0999;cf=cfr(0,0,0,.897,.281,.34,-.418,.789,.45,-.142,-.546,.826);es="Linear";ed="In";};["Left Arm"]={tm=.2;cf=cfr(.001,-.27,.211,-.127,.742,-.658,-.873,.232,.429,.471,.629,.619);es="Linear";ed="In";};["Right Arm"]={tm=.0999;cf=cfr(.439,.029,.389,-.067,-.811,-.582,.133,-.585,.8,-.989,-.024,.147);es="Linear";ed="In";};};{tm=.3;["scuff"]="";["Torso"]={tm=.1000;cf=cfr(-.024,.089,-.414,.957,-.275,.088,.283,.837,-.469,.055,.474,.879);es="Linear";ed="In";};["Left Leg"]={tm=.1000;cf=cfr(-.388,-.03,.141,.893,-.447,.056,.434,.887,.157,-.12,-.116,.986);es="Linear";ed="In";};["Right Leg"]={tm=.1000;cf=cfr(.433,.612,-.083,.875,-.406,-.263,.466,.853,.232,.13,-.326,.936);es="Linear";ed="In";};["Head"]={tm=.1000;cf=cfr(0,0,0,.932,.276,.233,-.352,.839,.414,-.081,-.468,.88);es="Linear";ed="In";};["Right Arm"]={tm=.1000;cf=cfr(.547,-.153,.364,-.012,-.915,-.403,.314,-.387,.867,-.949,-.116,.292);es="Linear";ed="In";};};{tm=.4;["Torso"]={tm=.0999;cf=cfr(-.089,.125,-.131,.967,-.255,.019,.232,.843,-.486,.107,.474,.874);es="Linear";ed="In";};["Left Leg"]={tm=.0999;cf=cfr(-.719,.175,.01,.991,-.133,.006,.133,.991,-.03,-.002,.03,1);es="Linear";ed="In";};["Right Leg"]={tm=.0999;cf=cfr(.345,.234,.06,.944,-.266,-.196,.289,.952,.103,.159,-.154,.975);es="Linear";ed="In";};["Head"]={tm=.0999;cf=cfr(0,0,0,.912,.261,.317,-.356,.888,.292,-.205,-.379,.902);es="Linear";ed="In";};["Left Arm"]={tm=.0999;cf=cfr(-.018,-.268,.195,-.024,.703,-.71,-.869,.337,.362,.494,.626,.603);es="Linear";ed="In";};["Right Arm"]={tm=.1999;cf=cfr(.458,.031,.316,-.053,-.846,-.531,.371,-.511,.776,-.927,-.156,.34);es="Linear";ed="In";};};{tm=.5;["Torso"]={tm=.0999;cf=cfr(-.159,.207,-.024,.964,-.266,.013,.256,.912,-.321,.073,.313,.947);es="Linear";ed="In";};["Left Leg"]={tm=.0999;cf=cfr(-.705,.316,-.016,.959,.284,.006,-.283,.957,-.06,-.023,.056,.998);es="Linear";ed="In";};["Right Leg"]={tm=.0999;cf=cfr(-.127,-.04,.064,.916,.208,-.342,-.225,.974,-.011,.331,.087,.94);es="Linear";ed="In";};["Head"]={tm=.0999;cf=cfr(0,0,0,.894,.273,.356,-.299,.954,.017,-.335,-.122,.934);es="Linear";ed="In";};["Left Arm"]={tm=.0999;cf=cfr(-.031,-.257,.218,.023,.731,-.682,-.776,.443,.45,.631,.519,.577);es="Linear";ed="In";};};{tm=.6;["step"]="";["Torso"]={tm=.0999;cf=cfr(-.181,.371,-.106,.958,-.286,.019,.278,.913,-.297,.068,.29,.955);es="Linear";ed="In";};["Left Leg"]={tm=.0999;cf=cfr(-.629,.056,.033,.665,.744,-.064,-.742,.649,-.167,-.083,.159,.984);es="Linear";ed="In";};["Right Leg"]={tm=.0999;cf=cfr(-.254,-.159,-.052,.847,.349,-.401,-.395,.918,-.036,.355,.189,.916);es="Linear";ed="In";};["Head"]={tm=.2000;cf=cfr(0,0,0,.925,.242,.292,-.288,.95,.125,-.247,-.2,.948);es="Linear";ed="In";};["Left Arm"]={tm=.0999;cf=cfr(-.044,-.246,.241,-.104,.843,-.528,-.699,.316,.642,.707,.436,.556);es="Linear";ed="In";};["Right Arm"]={tm=.2000;cf=cfr(.605,.078,.361,-.211,-.928,-.306,.319,-.361,.876,-.924,.087,.372);es="Linear";ed="In";};};{tm=.7;["Torso"]={tm=.1000;cf=cfr(-.156,.18,-.146,.96,-.278,.032,.275,.916,-.291,.052,.288,.956);es="Linear";ed="In";};["Left Leg"]={tm=.1000;cf=cfr(-.68,.228,.103,.958,.28,.053,-.275,.957,-.093,-.077,.075,.994);es="Linear";ed="In";};["Right Leg"]={tm=.1000;cf=cfr(-.072,-.09,-.01,.712,.576,-.401,-.624,.781,.013,.321,.241,.916);es="Linear";ed="In";};["Left Arm"]={tm=.1000;cf=cfr(-.056,-.234,.219,-.05,.837,-.546,-.658,.384,.648,.752,.391,.531);es="Linear";ed="In";};};{tm=.8;["Torso"]={tm=0;cf=cfr(-.055,-.093,-.219,.963,-.259,.073,.266,.875,-.405,.041,.41,.911);es="Linear";ed="In";};["Left Leg"]={tm=0;cf=cfr(-.483,.096,.088,.988,-.013,.152,.007,.999,.042,-.153,-.04,.987);es="Linear";ed="In";};["Right Leg"]={tm=0;cf=cfr(.385,.182,.067,.801,.446,-.399,-.46,.886,.066,.383,.13,.914);es="Linear";ed="In";};["Head"]={tm=0;cf=cfr(0,0,0,.959,.225,.172,-.268,.916,.299,-.09,-.333,.939);es="Linear";ed="In";};["Left Arm"]={tm=0;cf=cfr(-.05,-.224,.132,.002,.792,-.61,-.716,.427,.553,.698,.436,.568);es="Linear";ed="In";};["Right Arm"]={tm=0;cf=cfr(.477,.034,.289,.129,-.93,-.345,.327,-.289,.9,-.936,-.229,.267);es="Linear";ed="In";};};}