-- // converted using mech's animoduler
local cfr = CFrame.new

return {{tm=0;["Torso"]={tm=.1;cf=cfr(.057,0,-.191,.983,.177,.036,-.14,.871,-.47,-.115,.458,.882);es="Linear";ed="In";};["Left Leg"]={tm=.1;cf=cfr(-.689,.484,-.008,.667,.745,.001,-.719,.642,.267,.198,-.179,.964);es="Linear";ed="In";};["Right Arm"]={tm=.2;cf=cfr(-.044,-.138,.182,.684,-.154,.713,.157,.986,.063,-.712,.069,.699);es="Linear";ed="In";};["Head"]={tm=.1;cf=cfr(0,0,0,.993,-.055,.107,.045,.995,.091,-.111,-.085,.99);es="Linear";ed="In";};["Left Arm"]={tm=.2;cf=cfr(.126,-.128,.113,.828,-.09,-.553,-.047,.972,-.229,.559,.216,.801);es="Linear";ed="In";};["Right Leg"]={tm=.1;cf=cfr(.005,-.058,-.003,.863,.165,-.478,-.145,.986,.079,.485,.001,.875);es="Linear";ed="In";};};{tm=.1;["scuff"]="";["Torso"]={tm=.1;cf=cfr(.082,.105,-.077,.993,.113,.038,-.08,.871,-.485,-.088,.478,.874);es="Linear";ed="In";};["Left Leg"]={tm=.1;cf=cfr(-.768,.461,.021,.801,.588,-.11,-.56,.801,.211,.212,-.108,.971);es="Linear";ed="In";};["Head"]={tm=.1;cf=cfr(0,0,0,.951,.118,.286,-.142,.988,.065,-.275,-.102,.956);es="Linear";ed="In";};["Right Leg"]={tm=.1;cf=cfr(.225,.015,-.14,.653,.284,-.702,-.17,.958,.229,.738,-.03,.674);es="Linear";ed="In";};};{tm=.2;["Torso"]={tm=.0999;cf=cfr(.033,.121,.073,.999,.042,.02,-.031,.921,-.388,-.035,.386,.922);es="Linear";ed="In";};["Left Leg"]={tm=.0999;cf=cfr(-.581,.062,.027,.968,.114,-.226,-.104,.993,.054,.23,-.029,.973);es="Linear";ed="In";};["Right Arm"]={tm=.2;cf=cfr(-.063,-.187,.146,.776,-.011,.631,.072,.995,-.071,-.627,.1,.772);es="Linear";ed="In";};["Head"]={tm=.2;cf=cfr(0,0,0,.911,.182,.371,-.191,.981,-.012,-.367,-.06,.928);es="Linear";ed="In";};["Left Arm"]={tm=.2;cf=cfr(.099,-.22,.122,.776,.17,-.608,-.201,.979,.017,.598,.109,.794);es="Linear";ed="In";};["Right Leg"]={tm=.0999;cf=cfr(.46,.135,-.137,.703,.319,-.635,-.179,.944,.276,.688,-.08,.721);es="Linear";ed="In";};};{tm=.3;["Torso"]={tm=.1000;cf=cfr(-.05,.112,-.016,1,-.004,.013,.008,.951,-.308,-.011,.308,.951);es="Linear";ed="In";};["Left Leg"]={tm=.1000;cf=cfr(-.165,-.1,.038,.928,-.258,-.268,.259,.965,-.034,.267,-.038,.963);es="Linear";ed="In";};["Right Leg"]={tm=.1000;cf=cfr(.341,.134,.031,.802,-.037,-.597,.014,.999,-.044,.598,.027,.801);es="Linear";ed="In";};};{tm=.4;["Torso"]={tm=.0999;cf=cfr(-.134,.207,-.111,.996,-.086,.009,.086,.963,-.254,.013,.254,.967);es="Linear";ed="In";};["Left Leg"]={tm=.0999;cf=cfr(-.12,-.182,.05,.863,-.408,-.299,.421,.907,-.025,.281,-.104,.954);es="Linear";ed="In";};["Right Arm"]={tm=.0999;cf=cfr(-.109,-.144,.113,.821,-.109,.56,.155,.987,-.035,-.55,.116,.827);es="Linear";ed="In";};["Head"]={tm=.0999;cf=cfr(0,0,0,.958,.183,.22,-.157,.979,-.129,-.239,.089,.967);es="Linear";ed="In";};["Left Arm"]={tm=.0999;cf=cfr(.124,-.128,.125,.747,.227,-.625,-.185,.974,.132,.639,.017,.769);es="Linear";ed="In";};["Right Leg"]={tm=.0999;cf=cfr(.418,.17,.074,.699,-.467,-.541,.369,.884,-.287,.612,.001,.791);es="Linear";ed="In";};};{tm=.5;["Torso"]={tm=.0999;cf=cfr(-.13,-.006,-.259,.998,-.052,-.02,.042,.939,-.34,.036,.339,.94);es="Linear";ed="In";};["Left Leg"]={tm=.0999;cf=cfr(-.511,-.134,.034,.855,-.46,-.238,.46,.886,-.06,.239,-.058,.969);es="Linear";ed="In";};["Right Arm"]={tm=.0999;cf=cfr(-.115,-.038,.129,.773,-.205,.6,.223,.974,.045,-.594,.099,.799);es="Linear";ed="In";};["Head"]={tm=.0999;cf=cfr(0,0,.001,.983,.109,.146,-.126,.986,.113,-.132,-.129,.983);es="Linear";ed="In";};["Left Arm"]={tm=.1999;cf=cfr(.136,-.077,.123,.777,.165,-.607,-.127,.986,.105,.616,-.004,.788);es="Linear";ed="In";};["Right Leg"]={tm=.0999;cf=cfr(.28,.355,.164,.763,-.254,-.594,.14,.963,-.232,.631,.094,.77);es="Linear";ed="In";};};{tm=.6;["Torso"]={tm=.0999;cf=cfr(-.127,-.186,-.366,.999,.009,-.034,-.02,.946,-.325,.029,.325,.945);es="Linear";ed="In";};["Left Leg"]={tm=.0999;cf=cfr(-.915,.151,.024,.875,-.456,-.165,.459,.888,-.022,.156,-.056,.986);es="Linear";ed="In";};["Right Arm"]={tm=.0999;cf=cfr(-.122,-.136,.145,.704,-.152,.694,.223,.975,-.012,-.674,.163,.72);es="Linear";ed="In";};["Head"]={tm=.0999;cf=cfr(0,-.003,-.008,1,.026,.001,-.026,.999,-.036,-.002,.036,.999);es="Linear";ed="In";};["Right Leg"]={tm=.0999;cf=cfr(-.017,.187,.208,.815,.079,-.573,-.159,.983,-.089,.557,.164,.814);es="Linear";ed="In";};};{tm=.7;["Torso"]={tm=.1000;cf=cfr(-.083,-.173,-.244,.997,.074,-.005,-.071,.925,-.373,-.023,.372,.928);es="Linear";ed="In";};["Left Leg"]={tm=.1000;cf=cfr(-.888,.651,.008,.963,.242,-.12,-.223,.964,.147,.151,-.114,.982);es="Linear";ed="In";};["Right Arm"]={tm=.1000;cf=cfr(-.125,-.11,.169,.705,-.071,.705,.126,.992,-.026,-.697,.108,.709);es="Linear";ed="In";};["Head"]={tm=.1000;cf=cfr(0,0,0,1,-.023,-.008,.023,.999,.032,.007,-.032,.999);es="Linear";ed="In";};["Left Arm"]={tm=.1000;cf=cfr(.118,-.145,.118,.819,-.039,-.573,-.054,.988,-.143,.572,.148,.807);es="Linear";ed="In";};["Right Leg"]={tm=.1000;cf=cfr(.121,.04,.107,.836,.296,-.463,-.282,.954,.101,.471,.045,.881);es="Linear";ed="In";};};{tm=.8;["step"]="";["Torso"]={tm=0;cf=cfr(.057,0,-.191,.983,.177,.036,-.14,.871,-.47,-.115,.458,.882);es="Linear";ed="In";};["Left Leg"]={tm=0;cf=cfr(-.689,.484,-.008,.667,.745,.001,-.719,.642,.267,.198,-.179,.964);es="Linear";ed="In";};["Right Arm"]={tm=0;cf=cfr(-.044,-.138,.182,.684,-.154,.713,.157,.986,.063,-.712,.069,.699);es="Linear";ed="In";};["Head"]={tm=0;cf=cfr(0,0,0,.993,-.055,.107,.045,.995,.091,-.111,-.085,.99);es="Linear";ed="In";};["Left Arm"]={tm=0;cf=cfr(.126,-.128,.113,.828,-.09,-.553,-.047,.972,-.229,.559,.216,.801);es="Linear";ed="In";};["Right Leg"]={tm=0;cf=cfr(.005,-.058,-.003,.863,.165,-.478,-.145,.986,.079,.485,.001,.875);es="Linear";ed="In";};};}